0
2233.60400 3504.81433 2143.85708 9999.00000 9999.00000 20.00000 800.00000
2225.54067 3467.82627 2038.04137 9999.00000 9999.00000 20.00000 0.45955
2225.83822 3471.33126 2039.74978 9999.00000 9999.00000 20.00000 0.46428
2227.10886 3470.49448 2039.91417 9999.00000 9999.00000 20.00000 0.46901
2226.19029 3468.96885 2041.20905 9999.00000 9999.00000 20.00000 0.47146
2225.10555 3469.09116 2039.66362 9999.00000 9999.00000 20.00000 0.47203
2224.00146 3462.17358 2039.51467 9999.00000 9999.00000 20.00000 0.47260
2224.34520 3460.61200 2040.81839 9999.00000 9999.00000 20.00000 0.47317
2224.63081 3458.74098 2043.41626 9999.00000 9999.00000 20.00000 0.47374
2225.22796 3461.75168 2043.81334 9999.00000 9999.00000 20.00000 0.47431
2223.69007 3463.26872 2043.14058 9999.00000 9999.00000 20.00000 0.47488
2223.01497 3462.69668 2043.75254 9999.00000 9999.00000 20.00000 0.47545
2222.89692 3470.34347 2048.74725 9999.00000 9999.00000 20.00000 0.47602
2223.14535 3470.04871 2048.74047 9999.00000 9999.00000 20.00000 0.47659
2222.80653 3468.62145 2045.89294 9999.00000 9999.00000 20.00000 0.47716
2221.32055 3456.21807 2042.02960 9999.00000 9999.00000 20.00000 0.47773
2221.04878 3455.88479 2038.57663 9999.00000 9999.00000 20.00000 0.47830
2227.65373 3478.18549 2046.73102 9999.00000 9999.00000 20.00000 0.47888
2223.53065 3478.76324 2046.66879 9999.00000 9999.00000 20.00000 0.47944
2219.66818 3471.93946 2043.58986 9999.00000 9999.00000 20.00000 0.48002
2213.86045 3463.63877 2039.70330 9999.00000 9999.00000 20.00000 0.48059
2207.76666 3449.04770 2036.21678 9999.00000 9999.00000 20.00000 0.48115
2204.37338 3457.87310 2034.24587 9999.00000 9999.00000 20.00000 0.48172
2206.28982 3467.38084 2035.21509 9999.00000 9999.00000 20.00000 0.48229
2206.27451 3469.65227 2030.53708 9999.00000 9999.00000 20.00000 0.48286
2206.35224 3470.71474 2027.50583 9999.00000 9999.00000 20.00000 0.48343
2205.74117 3470.10281 2024.96524 9999.00000 9999.00000 20.00000 0.48400
2207.05132 3467.52200 2025.76437 9999.00000 9999.00000 20.00000 0.48457
2209.24896 3475.81024 2028.17357 9999.00000 9999.00000 20.00000 0.48514
2212.13732 3483.16318 2026.89591 9999.00000 9999.00000 20.00000 0.48571
2212.75995 3489.14601 2028.23511 9999.00000 9999.00000 20.00000 0.48628
2213.65913 3497.02686 2022.81592 9999.00000 9999.00000 20.00000 0.48933
2215.06628 3499.01716 2023.04691 9999.00000 9999.00000 20.00000 0.49252
2215.84183 3511.18100 2024.15143 9999.00000 9999.00000 20.00000 0.49571
2214.74409 3514.05190 2022.34620 9999.00000 9999.00000 20.00000 0.49890
2213.36074 3511.44364 2019.16189 9999.00000 9999.00000 20.00000 0.50209
2213.84308 3518.60797 2019.04471 9999.00000 9999.00000 20.00000 0.50527
2217.81779 3525.31311 2021.58653 9999.00000 9999.00000 20.00000 0.50846
2220.23463 3533.32636 2022.46676 9999.00000 9999.00000 20.00000 0.51164
2220.87210 3527.51307 2019.96686 9999.00000 9999.00000 20.00000 0.51481
2220.40768 3523.33264 2019.35033 9999.00000 9999.00000 20.00000 0.51799
2219.78244 3522.14096 2019.03896 9999.00000 9999.00000 20.00000 0.52116
2223.29452 3550.40858 2029.67273 9999.00000 9999.00000 20.00000 0.52433
2226.41437 3547.82128 2030.82006 9999.00000 9999.00000 20.00000 0.52750
2220.91895 3530.00434 2025.79309 9999.00000 9999.00000 20.00000 0.53066
2222.44219 3533.69211 2030.96027 9999.00000 9999.00000 20.00000 0.53382
2226.32772 3536.43518 2035.36686 9999.00000 9999.00000 20.00000 0.53698
2228.51190 3547.71932 2043.90385 9999.00000 9999.00000 20.00000 0.54014
2231.55802 3555.39097 2049.33219 9999.00000 9999.00000 20.00000 0.54329
2232.63810 3555.16954 2055.98101 9999.00000 9999.00000 20.00000 0.54644
2229.06091 3538.06449 2051.33208 9999.00000 9999.00000 20.00000 0.54959
2230.44159 3539.38249 2061.57958 9999.00000 9999.00000 20.00000 0.55274
2230.97170 3549.99770 2068.53399 9999.00000 9999.00000 20.00000 0.55588
2233.32139 3550.95061 2069.62930 9999.00000 9999.00000 20.00000 0.55902
2231.24964 3546.88173 2065.63172 9999.00000 9999.00000 20.00000 0.56216
2227.69760 3538.50896 2062.74276 9999.00000 9999.00000 20.00000 0.56529
2224.34784 3525.77916 2060.23242 9999.00000 9999.00000 20.00000 0.56842
2225.55327 3541.81232 2064.54464 9999.00000 9999.00000 20.00000 0.57122
2239.00256 3550.46763 2074.05244 9999.00000 9999.00000 20.00000 0.57374
2249.27880 3546.94064 2080.48465 9999.00000 9999.00000 20.00000 0.57627
2250.25111 3522.88661 2081.31006 9999.00000 9999.00000 20.00000 0.57879
2250.54811 3511.77079 2082.37361 9999.00000 9999.00000 20.00000 0.58131
2250.08042 3510.44694 2086.88895 9999.00000 9999.00000 20.00000 0.58383
2248.33923 3503.88414 2088.20944 9999.00000 9999.00000 20.00000 0.58635
2243.60203 3498.07551 2088.99681 9999.00000 9999.00000 20.00000 0.58886
2245.60953 3494.45204 2091.00599 9999.00000 9999.00000 20.00000 0.59138
2253.72476 3485.49820 2092.24301 9999.00000 9999.00000 20.00000 0.59389
2263.76407 3496.07327 2097.21783 9999.00000 9999.00000 20.00000 0.59640
2275.17656 3508.41259 2104.16331 9999.00000 9999.00000 20.00000 0.59891
2273.03656 3498.44719 2100.07155 9999.00000 9999.00000 20.00000 0.60141
2273.35489 3519.03563 2108.81497 9999.00000 9999.00000 20.00000 0.60391
2283.59426 3523.01201 2111.97255 9999.00000 9999.00000 20.00000 0.60642
2293.22889 3541.08015 2124.51169 9999.00000 9999.00000 20.00000 0.60892
2295.05908 3558.01563 2132.11402 9999.00000 9999.00000 20.00000 0.61141
2297.17676 3563.32021 2138.72562 9999.00000 9999.00000 20.00000 0.61391
2297.01058 3574.45685 2145.64932 9999.00000 9999.00000 20.00000 0.61640
2297.88072 3573.28030 2148.21397 9999.00000 9999.00000 20.00000 0.61890
2298.74487 3584.62619 2160.28560 9999.00000 9999.00000 20.00000 0.62139
2298.82374 3594.95816 2162.20851 9999.00000 9999.00000 20.00000 0.62388
2300.43352 3592.68714 2166.96347 9999.00000 9999.00000 20.00000 0.62636
2301.23874 3604.19728 2181.17492 9999.00000 9999.00000 20.00000 0.62884
2302.54503 3615.79102 2197.05853 9999.00000 9999.00000 20.00000 0.63133
2303.04202 3627.53994 2209.26585 9999.00000 9999.00000 20.00000 0.63381
2303.50101 3635.43167 2221.35605 9999.00000 9999.00000 20.00000 0.63635
2300.41884 3617.96507 2221.29934 9999.00000 9999.00000 20.00000 0.63962
2287.35643 3612.69525 2223.62899 9999.00000 9999.00000 20.00000 0.64288
2276.73285 3618.81691 2225.89131 9999.00000 9999.00000 20.00000 0.64613
2276.02970 3643.90772 2231.83306 9999.00000 9999.00000 20.00000 0.64939
2276.55841 3665.10331 2241.85929 9999.00000 9999.00000 20.00000 0.65264
2279.93186 3674.61012 2246.06292 9999.00000 9999.00000 20.00000 0.65588
2280.22199 3672.86356 2252.25388 9999.00000 9999.00000 20.00000 0.65913
2282.57139 3683.29244 2257.06463 9999.00000 9999.00000 20.00000 0.66237
2279.64088 3680.88288 2259.62813 9999.00000 9999.00000 20.00000 0.66560
2271.38025 3704.77222 2264.21696 9999.00000 9999.00000 20.00000 0.66883
2263.66328 3707.26885 2273.47016 9999.00000 9999.00000 20.00000 0.67206
2257.66529 3705.95330 2275.84057 9999.00000 9999.00000 20.00000 0.67528
2261.70051 3724.66023 2278.34196 9999.00000 9999.00000 20.00000 0.67850
2260.23531 3713.60830 2273.63782 9999.00000 9999.00000 20.00000 0.68172
2248.91648 3712.76039 2263.20344 9999.00000 9999.00000 20.00000 0.68493
2239.39872 3686.23643 2240.48517 9999.00000 9999.00000 20.00000 0.68814
2235.43712 3667.92211 2222.58681 9999.00000 9999.00000 20.00000 0.69135
2232.81092 3647.01279 2198.12482 9999.00000 9999.00000 20.00000 0.69455
2232.61379 3632.67491 2182.86923 9999.00000 9999.00000 20.00000 0.69774
2231.51620 3618.40991 2166.66027 9999.00000 9999.00000 20.00000 0.70094
2232.41589 3606.13611 2155.68358 9999.00000 9999.00000 20.00000 0.70413
2236.50376 3603.39685 2149.81065 9999.00000 9999.00000 20.00000 0.70731
2235.15709 3587.26893 2137.75876 9999.00000 9999.00000 20.00000 0.71049
2233.78328 3576.29965 2127.08937 9999.00000 9999.00000 20.00000 0.71367
2234.12837 3571.15455 2116.12860 9999.00000 9999.00000 20.00000 0.71686
2234.53710 3562.40287 2107.14260 9999.00000 9999.00000 20.00000 0.72096
2234.46972 3557.66367 2102.41643 9999.00000 9999.00000 20.00000 0.72508
2235.12966 3549.31314 2098.23425 9999.00000 9999.00000 20.00000 0.72920
2235.15855 3539.21182 2092.23308 9999.00000 9999.00000 20.00000 0.73331
2235.86340 3537.06869 2086.95425 9999.00000 9999.00000 20.00000 0.73741
2235.45408 3531.56387 2079.74918 9999.00000 9999.00000 20.00000 0.74151
2234.61835 3518.85589 2071.04238 9999.00000 9999.00000 20.00000 0.74560
2232.15054 3518.46530 2066.47707 9999.00000 9999.00000 20.00000 0.74968
2235.00526 3525.86293 2060.99223 9999.00000 9999.00000 20.00000 0.75376
2234.12217 3515.94999 2055.58453 9999.00000 9999.00000 20.00000 0.75783
2234.13560 3526.95203 2048.47281 9999.00000 9999.00000 20.00000 0.76189
2233.54157 3511.88149 2036.53512 9999.00000 9999.00000 20.00000 0.76594
2231.10505 3497.62294 2023.97780 9999.00000 9999.00000 20.00000 0.76999
2232.21314 3487.73867 2020.95674 9999.00000 9999.00000 20.00000 0.77403
2231.68465 3473.69041 2015.31602 9999.00000 9999.00000 20.00000 0.77806
2230.30122 3466.75103 2014.16538 9999.00000 9999.00000 20.00000 0.78208
2230.95661 3459.19751 2015.88028 9999.00000 9999.00000 20.00000 0.78610
2231.42980 3458.09369 2018.15499 9999.00000 9999.00000 20.00000 0.79011
2232.27068 3458.17808 2021.45553 9999.00000 9999.00000 20.00000 0.79411
2232.84356 3466.98238 2025.66582 9999.00000 9999.00000 20.00000 0.79811
2232.66050 3461.14155 2025.33849 9999.00000 9999.00000 20.00000 0.80209
2232.64291 3463.57825 2028.45802 9999.00000 9999.00000 20.00000 0.80607
2231.80600 3456.79387 2029.39107 9999.00000 9999.00000 20.00000 0.81004
2227.51076 3442.08906 2023.17162 9999.00000 9999.00000 20.00000 0.81401
2227.49067 3451.44525 2026.49401 9999.00000 9999.00000 20.00000 0.81796
2227.81767 3452.32083 2024.93339 9999.00000 9999.00000 20.00000 0.82191
2227.93608 3462.74095 2027.78933 9999.00000 9999.00000 20.00000 0.82585
2230.81121 3466.07867 2031.50734 9999.00000 9999.00000 20.00000 0.83038
2229.85648 3468.69763 2033.24125 9999.00000 9999.00000 20.00000 0.83491
2228.15487 3478.46824 2032.23923 9999.00000 9999.00000 20.00000 0.83943
2227.57571 3488.71089 2033.38678 9999.00000 9999.00000 20.00000 0.84395
2226.51945 3489.67740 2034.05299 9999.00000 9999.00000 20.00000 0.84845
2229.35196 3502.01489 2038.65893 9999.00000 9999.00000 20.00000 0.85294
2230.96024 3510.81296 2045.21592 9999.00000 9999.00000 20.00000 0.85742
2232.52053 3517.16584 2050.21884 9999.00000 9999.00000 20.00000 0.86189
2231.26304 3512.09840 2054.43635 9999.00000 9999.00000 20.00000 0.86635
2233.27274 3518.06607 2059.22272 9999.00000 9999.00000 20.00000 0.87080
2233.31525 3512.41916 2066.67257 9999.00000 9999.00000 20.00000 0.87523
2233.94178 3521.59130 2075.73120 9999.00000 9999.00000 20.00000 0.87966
2235.28001 3531.78891 2082.14246 9999.00000 9999.00000 20.00000 0.88407
2230.14198 3534.16518 2084.13697 9999.00000 9999.00000 20.00000 0.88848
2227.52724 3527.86404 2089.41427 9999.00000 9999.00000 20.00000 0.89287
2228.07681 3533.70513 2093.14713 9999.00000 9999.00000 20.00000 0.89725
2228.72342 3537.61800 2095.20888 9999.00000 9999.00000 20.00000 0.90162
2227.67359 3543.01631 2099.87256 9999.00000 9999.00000 20.00000 0.90597
2227.62428 3556.88824 2105.64793 9999.00000 9999.00000 20.00000 0.91032
2228.78158 3571.78193 2116.11121 9999.00000 9999.00000 20.00000 0.91465
2232.03415 3591.79012 2129.37883 9999.00000 9999.00000 20.00000 0.91898
2231.57898 3604.80140 2133.94712 9999.00000 9999.00000 20.00000 0.92329
2230.95044 3627.60866 2140.22374 9999.00000 9999.00000 20.00000 0.92759
2232.73183 3646.19678 2152.66123 9999.00000 9999.00000 20.00000 0.93187
2235.36185 3666.73946 2157.83144 9999.00000 9999.00000 20.00000 0.93615
2234.50126 3679.84594 2154.67909 9999.00000 9999.00000 20.00000 0.94041
2232.86746 3668.53614 2146.10007 9999.00000 9999.00000 20.00000 0.94361
2229.02049 3667.42169 2137.52144 9999.00000 9999.00000 20.00000 0.94591
2233.37429 3681.59116 2139.50604 9999.00000 9999.00000 20.00000 0.94821
2237.80675 3680.64486 2142.15027 9999.00000 9999.00000 20.00000 0.95050
2240.50638 3694.45232 2146.84137 9999.00000 9999.00000 20.00000 0.95279
2244.66684 3698.70495 2146.72012 9999.00000 9999.00000 20.00000 0.95508
2243.56315 3697.97315 2141.00423 9999.00000 9999.00000 20.00000 0.95736
2243.34098 3712.15369 2132.16733 9999.00000 9999.00000 20.00000 0.95964
2248.74406 3718.48163 2140.32646 9999.00000 9999.00000 20.00000 0.96192
2262.68230 3750.75672 2157.72307 9999.00000 9999.00000 20.00000 0.96419
2276.32123 3780.44978 2175.97910 9999.00000 9999.00000 20.00000 0.96646
2289.88558 3812.89269 2196.11592 9999.00000 9999.00000 20.00000 0.96872
2303.57977 3846.30127 2218.91197 9999.00000 9999.00000 20.00000 0.97099
2315.82969 3888.42217 2241.21018 9999.00000 9999.00000 20.00000 0.97324
2319.16921 3912.40627 2248.41121 9999.00000 9999.00000 20.00000 0.97550
2322.22282 3936.29701 2255.17883 9999.00000 9999.00000 20.00000 0.97775
2329.52732 3940.63694 2255.94962 9999.00000 9999.00000 20.00000 0.97999
2331.21363 3950.77119 2265.08425 9999.00000 9999.00000 20.00000 0.98224
2334.45082 3962.86256 2270.19698 9999.00000 9999.00000 20.00000 0.98448
2333.26995 3967.60261 2272.64453 9999.00000 9999.00000 20.00000 0.98671
2332.16035 3954.14646 2270.07520 9999.00000 9999.00000 20.00000 0.98895
2330.83732 3970.25513 2270.17107 9999.00000 9999.00000 20.00000 0.99117
2332.71201 3962.56376 2269.38874 9999.00000 9999.00000 20.00000 0.99340
2337.86730 3974.60492 2272.07977 9999.00000 9999.00000 20.00000 0.99562
2341.78352 3988.95256 2277.52852 9999.00000 9999.00000 20.00000 0.99784
2343.52053 3988.66984 2279.68842 9999.00000 9999.00000 20.00000 1.00005
2346.42742 3997.59833 2294.54864 9999.00000 9999.00000 20.00000 1.00226
2348.11310 4006.16483 2303.23803 9999.00000 9999.00000 20.00000 1.00418
2349.51922 4010.07173 2311.47609 9999.00000 9999.00000 20.00000 1.00339
2345.60557 3978.17859 2296.61696 9999.00000 9999.00000 20.00000 1.00261
2341.55603 3962.70102 2288.47367 9999.00000 9999.00000 20.00000 1.00182
2338.20039 3923.29535 2276.63610 9999.00000 9999.00000 20.00000 1.00104
2334.14508 3906.03302 2267.95705 9999.00000 9999.00000 20.00000 1.00025
2333.35873 3884.43553 2266.38341 9999.00000 9999.00000 20.00000 0.99946
2335.38154 3866.85062 2272.80402 9999.00000 9999.00000 20.00000 0.99868
2331.74039 3844.89067 2247.05719 9999.00000 9999.00000 20.00000 0.99789
2317.88348 3801.40856 2217.13893 9999.00000 9999.00000 20.00000 0.99710
2304.58370 3761.19668 2188.20330 9999.00000 9999.00000 20.00000 0.99631
2291.53282 3723.28458 2158.94818 9999.00000 9999.00000 20.00000 0.99552
2278.82028 3686.13641 2131.50048 9999.00000 9999.00000 20.00000 0.99473
2266.95048 3648.61562 2106.54135 9999.00000 9999.00000 20.00000 0.99394
2264.57862 3630.68695 2094.85338 9999.00000 9999.00000 20.00000 0.99315
2262.13508 3615.22766 2083.46280 9999.00000 9999.00000 20.00000 0.99236
2256.43706 3610.73082 2078.10851 9999.00000 9999.00000 20.00000 0.99157
2256.06358 3605.87713 2069.59086 9999.00000 9999.00000 20.00000 0.99077
2255.28531 3596.82673 2062.17764 9999.00000 9999.00000 20.00000 0.98998
2257.57732 3585.80134 2055.80387 9999.00000 9999.00000 20.00000 0.98919
2259.30889 3584.86945 2051.06355 9999.00000 9999.00000 20.00000 0.98840
2258.73762 3568.52045 2041.87786 9999.00000 9999.00000 20.00000 0.98760
2258.72106 3568.28263 2038.84734 9999.00000 9999.00000 20.00000 0.98681
2254.77312 3553.28032 2030.94404 9999.00000 9999.00000 20.00000 0.98601
2250.42893 3537.85666 2020.21341 9999.00000 9999.00000 20.00000 0.98521
