0
2233.60400 3504.81433 2143.85708 9999.00000 9999.00000 20.00000 800.00000
2253.29700 3628.77111 2139.01598 9999.00000 9999.00000 20.00000 0.09115
2241.48800 3583.88264 2099.93642 9999.00000 9999.00000 20.00000 0.09134
2230.98100 3472.37995 2068.44640 9999.00000 9999.00000 20.00000 0.09153
2227.97200 3481.77751 2046.75365 9999.00000 9999.00000 20.00000 0.09172
2234.04900 3458.43373 2028.78003 9999.00000 9999.00000 20.00000 0.09191
2237.21000 3443.99507 2022.72794 9999.00000 9999.00000 20.00000 0.09210
2220.74900 3344.44301 2024.47330 9999.00000 9999.00000 20.00000 0.09229
2202.26300 3299.94107 1994.35903 9999.00000 9999.00000 20.00000 0.09248
2200.09600 3419.63717 1993.62218 9999.00000 9999.00000 20.00000 0.09267
2204.48000 3387.79744 1995.84793 9999.00000 9999.00000 20.00000 0.09286
2211.17000 3368.13133 1995.39139 9999.00000 9999.00000 20.00000 0.09305
2224.49200 3346.30758 1991.39343 9999.00000 9999.00000 20.00000 0.09323
2210.06900 3380.40580 1970.05915 9999.00000 9999.00000 20.00000 0.09342
2199.37000 3358.34472 1972.33851 9999.00000 9999.00000 20.00000 0.09361
2199.82100 3309.33878 1964.54542 9999.00000 9999.00000 20.00000 0.09380
2211.84900 3350.23337 1968.97481 9999.00000 9999.00000 20.00000 0.09399
2212.71800 3213.90456 1976.13200 9999.00000 9999.00000 20.00000 0.09418
2210.39600 3261.15250 1976.05185 9999.00000 9999.00000 20.00000 0.09425
2256.62300 3338.57948 1961.10117 9999.00000 9999.00000 20.00000 0.09427
2288.21700 3435.15448 1920.84421 9999.00000 9999.00000 20.00000 0.09429
2303.97100 3487.42396 1943.66075 9999.00000 9999.00000 20.00000 0.09431
2296.94600 3564.06132 1963.61808 9999.00000 9999.00000 20.00000 0.09434
2264.36700 3507.06954 1977.44071 9999.00000 9999.00000 20.00000 0.09436
2267.45800 3425.05026 1993.69142 9999.00000 9999.00000 20.00000 0.09438
2277.45800 3438.62501 2011.51424 9999.00000 9999.00000 20.00000 0.09441
2276.28400 3439.03525 2023.47459 9999.00000 9999.00000 20.00000 0.09443
2286.53100 3454.95061 2008.28057 9999.00000 9999.00000 20.00000 0.09445
2291.00800 3444.92817 2012.13791 9999.00000 9999.00000 20.00000 0.09447
2306.86400 3380.77598 2024.56153 9999.00000 9999.00000 20.00000 0.09450
2320.33500 3439.60966 2020.33110 9999.00000 9999.00000 20.00000 0.09452
2304.59600 3549.78551 1994.62548 9999.00000 9999.00000 20.00000 0.09454
2297.45900 3474.96953 1952.31167 9999.00000 9999.00000 20.00000 0.09457
2313.38600 3392.08389 1948.23651 9999.00000 9999.00000 20.00000 0.09459
2320.77100 3469.43925 1975.88806 9999.00000 9999.00000 20.00000 0.09461
2332.75000 3576.01107 2039.19832 9999.00000 9999.00000 20.00000 0.09463
2338.43600 3617.86060 2026.42844 9999.00000 9999.00000 20.00000 0.09466
2327.02600 3453.82636 1992.96022 9999.00000 9999.00000 20.00000 0.09468
2291.22900 3315.42244 2028.23332 9999.00000 9999.00000 20.00000 0.09470
2291.03500 3465.32487 2032.05407 9999.00000 9999.00000 20.00000 0.09473
2303.32200 3401.15205 2072.89816 9999.00000 9999.00000 20.00000 0.09475
2308.25700 3506.43483 2094.62744 9999.00000 9999.00000 20.00000 0.09477
2315.29700 3501.80434 2060.79543 9999.00000 9999.00000 20.00000 0.09479
2318.82500 3535.48654 2050.55194 9999.00000 9999.00000 20.00000 0.09482
2307.37400 3583.76368 2048.41680 9999.00000 9999.00000 20.00000 0.09484
2276.07900 3527.00183 2064.48473 9999.00000 9999.00000 20.00000 0.09486
2234.52900 3505.39923 2074.09785 9999.00000 9999.00000 20.00000 0.09489
2224.66600 3443.43048 2057.14894 9999.00000 9999.00000 20.00000 0.09491
2214.89600 3456.20953 2053.90173 9999.00000 9999.00000 20.00000 0.09493
2214.90100 3439.05718 2047.54711 9999.00000 9999.00000 20.00000 0.09495
2201.30800 3374.65273 2028.07641 9999.00000 9999.00000 20.00000 0.09498
2200.63400 3457.18871 2037.78126 9999.00000 9999.00000 20.00000 0.09500
2208.81900 3443.69285 2047.29487 9999.00000 9999.00000 20.00000 0.09502
2228.30300 3454.64705 2054.81276 9999.00000 9999.00000 20.00000 0.09504
2219.09400 3501.71901 2058.82903 9999.00000 9999.00000 20.00000 0.09507
2219.74300 3408.01662 2027.98870 9999.00000 9999.00000 20.00000 0.09509
2205.69900 3424.64919 2019.26952 9999.00000 9999.00000 20.00000 0.09511
2208.07900 3477.93962 2038.63601 9999.00000 9999.00000 20.00000 0.09514
2207.66200 3508.99657 2084.21750 9999.00000 9999.00000 20.00000 0.09516
2200.52800 3375.15339 2094.32263 9999.00000 9999.00000 20.00000 0.09518
2201.38600 3327.42588 2009.66093 9999.00000 9999.00000 20.00000 0.09520
2196.78300 3460.75910 2018.22578 9999.00000 9999.00000 20.00000 0.09523
2196.51400 3521.34515 1988.04044 9999.00000 9999.00000 20.00000 0.09525
2212.89200 3494.27475 1991.96534 9999.00000 9999.00000 20.00000 0.09527
2232.28400 3565.02435 2010.69381 9999.00000 9999.00000 20.00000 0.09530
2253.02700 3474.61293 2036.36616 9999.00000 9999.00000 20.00000 0.09532
2267.64800 3439.55516 2072.66974 9999.00000 9999.00000 20.00000 0.09534
2267.18600 3405.78825 2072.04796 9999.00000 9999.00000 20.00000 0.09536
2247.09000 3466.76824 2078.40227 9999.00000 9999.00000 20.00000 0.09539
2256.33700 3495.88552 2047.60251 9999.00000 9999.00000 20.00000 0.09541
2260.07700 3358.34413 1979.83845 9999.00000 9999.00000 20.00000 0.09543
2271.06900 3209.05590 1973.63168 9999.00000 9999.00000 20.00000 0.09546
2244.09000 3274.63313 2011.29632 9999.00000 9999.00000 20.00000 0.09548
2238.17000 3401.48333 1976.21294 9999.00000 9999.00000 20.00000 0.09550
2224.89800 3630.18500 2030.55443 9999.00000 9999.00000 20.00000 0.09552
2242.15300 3557.83401 2076.60376 9999.00000 9999.00000 20.00000 0.09555
2213.97800 3551.48131 2066.57955 9999.00000 9999.00000 20.00000 0.09557
2207.66600 3502.82554 2028.33259 9999.00000 9999.00000 20.00000 0.09559
2240.58400 3470.42839 2024.92478 9999.00000 9999.00000 20.00000 0.09562
2252.92000 3519.08024 2035.74522 9999.00000 9999.00000 20.00000 0.09564
2268.65600 3436.08337 2033.46318 9999.00000 9999.00000 20.00000 0.09566
2264.11600 3407.96313 2029.29363 9999.00000 9999.00000 20.00000 0.09568
2249.19500 3233.66962 2031.93872 9999.00000 9999.00000 20.00000 0.09571
2243.51300 3367.25644 2025.65579 9999.00000 9999.00000 20.00000 0.09573
2240.32600 3386.13665 2043.79925 9999.00000 9999.00000 20.00000 0.09575
2209.03100 3418.52819 2064.25774 9999.00000 9999.00000 20.00000 0.09578
2171.45500 3380.08836 2042.15112 9999.00000 9999.00000 20.00000 0.09580
2173.89400 3387.45215 2009.29100 9999.00000 9999.00000 20.00000 0.09582
2178.91300 3253.98402 1992.48273 9999.00000 9999.00000 20.00000 0.09584
2186.52300 3360.51139 1980.52078 9999.00000 9999.00000 20.00000 0.09587
2204.50500 3461.97904 1989.21641 9999.00000 9999.00000 20.00000 0.09589
2203.99900 3494.58531 2028.01588 9999.00000 9999.00000 20.00000 0.09591
2201.32600 3444.07703 2026.70724 9999.00000 9999.00000 20.00000 0.09593
2209.91800 3534.73517 2025.02537 9999.00000 9999.00000 20.00000 0.09596
2230.88800 3466.75440 2059.04974 9999.00000 9999.00000 20.00000 0.09598
2203.97800 3286.81784 2025.04672 9999.00000 9999.00000 20.00000 0.09600
2201.41900 3421.53205 2054.95524 9999.00000 9999.00000 20.00000 0.09603
2217.87900 3469.14763 2057.24386 9999.00000 9999.00000 20.00000 0.09605
2233.03700 3581.09165 2070.39817 9999.00000 9999.00000 20.00000 0.09607
2233.16000 3492.60871 2086.09241 9999.00000 9999.00000 20.00000 0.09609
2243.41100 3416.50225 2064.95169 9999.00000 9999.00000 20.00000 0.09612
2240.30100 3528.70461 2051.39131 9999.00000 9999.00000 20.00000 0.09614
2224.95100 3478.21938 2119.89476 9999.00000 9999.00000 20.00000 0.09616
2226.94900 3475.31114 2112.53814 9999.00000 9999.00000 20.00000 0.09619
2238.38900 3529.36735 2089.79029 9999.00000 9999.00000 20.00000 0.09621
2241.82800 3408.31261 2102.53040 9999.00000 9999.00000 20.00000 0.09623
2227.17500 3553.74073 2082.68942 9999.00000 9999.00000 20.00000 0.09625
2245.41500 3558.86090 2050.27748 9999.00000 9999.00000 20.00000 0.09628
2266.42600 3621.32294 2050.93637 9999.00000 9999.00000 20.00000 0.09630
2267.67800 3571.85926 2040.07803 9999.00000 9999.00000 20.00000 0.09632
2250.31300 3544.53228 2039.57352 9999.00000 9999.00000 20.00000 0.09634
2234.27500 3530.00102 2016.44354 9999.00000 9999.00000 20.00000 0.09637
2208.83500 3477.85604 1996.35777 9999.00000 9999.00000 20.00000 0.09639
2209.46000 3472.71500 1987.44784 9999.00000 9999.00000 20.00000 0.09641
2198.00400 3476.26184 2009.35528 9999.00000 9999.00000 20.00000 0.09644
2192.16300 3500.15993 2011.79056 9999.00000 9999.00000 20.00000 0.09646
2210.80000 3392.39728 1989.38203 9999.00000 9999.00000 20.00000 0.09648
2206.26800 3386.81521 2019.40057 9999.00000 9999.00000 20.00000 0.09650
2204.76900 3442.15714 2033.35429 9999.00000 9999.00000 20.00000 0.09653
2225.84700 3448.11608 2035.86847 9999.00000 9999.00000 20.00000 0.09655
2215.66200 3443.08978 2045.34366 9999.00000 9999.00000 20.00000 0.09657
2204.00000 3529.04996 2035.63238 9999.00000 9999.00000 20.00000 0.09660
2204.15700 3423.34744 2049.29521 9999.00000 9999.00000 20.00000 0.09662
2220.06800 3345.65965 2033.02485 9999.00000 9999.00000 20.00000 0.09664
2231.26500 3407.15746 2114.62599 9999.00000 9999.00000 20.00000 0.09666
2230.83400 3686.74057 2176.55254 9999.00000 9999.00000 20.00000 0.09669
2232.50100 3770.87593 2178.17450 9999.00000 9999.00000 20.00000 0.09671
2218.30400 3595.23907 2062.02969 9999.00000 9999.00000 20.00000 0.09673
2220.88600 3400.80407 2032.29595 9999.00000 9999.00000 20.00000 0.09676
2233.39300 3339.37927 2019.23074 9999.00000 9999.00000 20.00000 0.09678
2240.81500 3450.48301 2028.57895 9999.00000 9999.00000 20.00000 0.09680
2239.61300 3458.73791 2004.81379 9999.00000 9999.00000 20.00000 0.09682
2241.75800 3385.30340 1988.17104 9999.00000 9999.00000 20.00000 0.09685
2262.30300 3353.21235 1980.20114 9999.00000 9999.00000 20.00000 0.09687
2252.51700 3312.61071 1970.35414 9999.00000 9999.00000 20.00000 0.09689
2224.82100 3420.53017 1957.26808 9999.00000 9999.00000 20.00000 0.09691
2224.25300 3315.48187 1945.13929 9999.00000 9999.00000 20.00000 0.09694
2208.81200 3259.43109 1943.71257 9999.00000 9999.00000 20.00000 0.09696
2215.19700 3322.92359 1945.52614 9999.00000 9999.00000 20.00000 0.09698
2226.11700 3207.00385 1956.39779 9999.00000 9999.00000 20.00000 0.09701
2193.57700 3167.66254 1934.60077 9999.00000 9999.00000 20.00000 0.09703
2185.18700 3103.47879 1832.20339 9999.00000 9999.00000 20.00000 0.09705
2192.96300 3083.07545 1873.88831 9999.00000 9999.00000 20.00000 0.09707
2184.41500 3193.05054 1897.06061 9999.00000 9999.00000 20.00000 0.09710
2195.40400 3388.75379 1923.70218 9999.00000 9999.00000 20.00000 0.09712
2197.07800 3379.69202 1914.26537 9999.00000 9999.00000 20.00000 0.09714
2187.39500 3162.51764 1871.84298 9999.00000 9999.00000 20.00000 0.09716
2197.07100 3178.56354 1885.53087 9999.00000 9999.00000 20.00000 0.09719
2247.78400 3373.78296 2026.51026 9999.00000 9999.00000 20.00000 0.09721
2329.13400 3904.14561 2185.41647 9999.00000 9999.00000 20.00000 0.09723
2379.71300 4069.16485 2215.12985 9999.00000 9999.00000 20.00000 0.09726
2361.74500 3897.49327 2187.67106 9999.00000 9999.00000 20.00000 0.09735
2298.33000 3772.29019 2093.15775 9999.00000 9999.00000 20.00000 0.09748
2259.45700 3421.45059 2011.79340 9999.00000 9999.00000 20.00000 0.09761
2199.27000 3372.78268 1954.18836 9999.00000 9999.00000 20.00000 0.09774
2175.92100 3451.75002 1924.89004 9999.00000 9999.00000 20.00000 0.09787
2170.68400 3649.63550 1931.54596 9999.00000 9999.00000 20.00000 0.09799
2170.11600 3947.60896 1930.28609 9999.00000 9999.00000 20.00000 0.09812
2152.24700 3715.23932 1937.92202 9999.00000 9999.00000 20.00000 0.09825
2161.38700 3275.02664 1950.04787 9999.00000 9999.00000 20.00000 0.09838
2172.26000 3276.34162 1939.01984 9999.00000 9999.00000 20.00000 0.09850
2164.34700 3221.22354 1911.90809 9999.00000 9999.00000 20.00000 0.09863
2162.06600 3144.34362 1883.15891 9999.00000 9999.00000 20.00000 0.09876
2169.22100 3212.60514 1888.06976 9999.00000 9999.00000 20.00000 0.09889
2171.88200 3198.24826 1911.99959 9999.00000 9999.00000 20.00000 0.09902
2162.15600 3242.29261 1927.16716 9999.00000 9999.00000 20.00000 0.09914
2168.15000 3256.90147 1929.00883 9999.00000 9999.00000 20.00000 0.09927
2172.83700 3362.35940 1940.95063 9999.00000 9999.00000 20.00000 0.09940
2164.23300 3443.71009 1930.08503 9999.00000 9999.00000 20.00000 0.09953
2162.96500 3351.42557 1923.50138 9999.00000 9999.00000 20.00000 0.09965
2166.78000 3199.93228 1949.65618 9999.00000 9999.00000 20.00000 0.09978
2172.36100 3270.65747 1983.31305 9999.00000 9999.00000 20.00000 0.09991
2198.74200 3454.01208 2045.77392 9999.00000 9999.00000 20.00000 0.10004
2203.91400 3492.04700 2079.43128 9999.00000 9999.00000 20.00000 0.10016
2201.51700 3530.27990 2034.61765 9999.00000 9999.00000 20.00000 0.10029
2210.90300 3656.34321 2015.02173 9999.00000 9999.00000 20.00000 0.10042
2220.91100 3942.31581 1991.26122 9999.00000 9999.00000 20.00000 0.10055
2247.65300 3686.56774 2004.39576 9999.00000 9999.00000 20.00000 0.10067
2257.64600 3797.62681 2014.03151 9999.00000 9999.00000 20.00000 0.10080
2295.40500 4013.77195 2037.51105 9999.00000 9999.00000 20.00000 0.10093
2328.27500 3864.01033 2097.23916 9999.00000 9999.00000 20.00000 0.10105
2355.97200 3887.01739 2090.13708 9999.00000 9999.00000 20.00000 0.10118
2331.24200 3558.53819 2074.16806 9999.00000 9999.00000 20.00000 0.10131
2225.78100 3423.92189 2041.93736 9999.00000 9999.00000 20.00000 0.10144
2197.60100 3469.60919 1943.74585 9999.00000 9999.00000 20.00000 0.10156
2200.89100 3432.98726 1912.55464 9999.00000 9999.00000 20.00000 0.10169
2191.84700 3514.12823 1933.25793 9999.00000 9999.00000 20.00000 0.10182
2188.22200 3634.20050 1960.25479 9999.00000 9999.00000 20.00000 0.10195
2198.14500 3522.21379 1945.94916 9999.00000 9999.00000 20.00000 0.10207
2212.99400 3430.47399 1958.70325 9999.00000 9999.00000 20.00000 0.10220
2221.86000 3435.92143 1949.75780 9999.00000 9999.00000 20.00000 0.10233
2216.02600 3602.07027 1951.35199 9999.00000 9999.00000 20.00000 0.10245
2204.06700 3799.78023 1937.82990 9999.00000 9999.00000 20.00000 0.10258
2196.56600 3672.08269 2017.63339 9999.00000 9999.00000 20.00000 0.10271
2188.04400 3418.33922 2046.68194 9999.00000 9999.00000 20.00000 0.10284
2184.74300 3314.10891 1946.15543 9999.00000 9999.00000 20.00000 0.10296
2188.58900 3348.04345 1918.15605 9999.00000 9999.00000 20.00000 0.10309
2195.29200 3398.66492 1900.70578 9999.00000 9999.00000 20.00000 0.10322
2198.22000 3323.84366 1903.20740 9999.00000 9999.00000 20.00000 0.10334
2244.33300 3381.96596 1933.52665 9999.00000 9999.00000 20.00000 0.10347
2288.71000 3405.19781 2060.89025 9999.00000 9999.00000 20.00000 0.10360
2292.10900 3668.90401 2036.94758 9999.00000 9999.00000 20.00000 0.10372
2307.33500 3618.04999 2049.30993 9999.00000 9999.00000 20.00000 0.10385
2299.54500 3603.78198 2054.57901 9999.00000 9999.00000 20.00000 0.10398
2302.17400 3661.19707 2050.04182 9999.00000 9999.00000 20.00000 0.10411
2319.93200 3596.43593 2048.13662 9999.00000 9999.00000 20.00000 0.10423
2331.04500 3607.99338 2062.51300 9999.00000 9999.00000 20.00000 0.10436
2325.39200 3652.31871 2071.63151 9999.00000 9999.00000 20.00000 0.10449
2315.87000 3713.98214 2089.53540 9999.00000 9999.00000 20.00000 0.10461
2320.65000 3631.30159 2084.15400 9999.00000 9999.00000 20.00000 0.10474
2320.82000 3815.10659 2042.47436 9999.00000 9999.00000 20.00000 0.10487
2312.35200 3822.90069 2082.46362 9999.00000 9999.00000 20.00000 0.10499
2310.91900 3777.39987 2092.25932 9999.00000 9999.00000 20.00000 0.10512
2301.17900 3694.74413 2101.26001 9999.00000 9999.00000 20.00000 0.10525
2295.96200 3614.20739 2103.41820 9999.00000 9999.00000 20.00000 0.10537
2285.61400 3610.01209 2073.10080 9999.00000 9999.00000 20.00000 0.10550
2274.96500 3536.44169 2047.63778 9999.00000 9999.00000 20.00000 0.10563
2255.07400 3493.59641 2011.64752 9999.00000 9999.00000 20.00000 0.10575
2234.50700 3525.48113 2022.54691 9999.00000 9999.00000 20.00000 0.10588
2227.58200 3605.88645 1991.63964 9999.00000 9999.00000 20.00000 0.10601
2233.52100 3640.84424 1923.05696 9999.00000 9999.00000 20.00000 0.10613
2230.32000 3659.39960 1922.84630 9999.00000 9999.00000 20.00000 0.10626
2236.12700 3613.55816 1949.38411 9999.00000 9999.00000 20.00000 0.10639
2237.41500 3483.06821 1973.58176 9999.00000 9999.00000 20.00000 0.10651
2246.94700 3388.75319 1960.14976 9999.00000 9999.00000 20.00000 0.10664
2242.83000 3516.07483 1994.86730 9999.00000 9999.00000 20.00000 0.10676
2227.43700 3532.39558 1984.56386 9999.00000 9999.00000 20.00000 0.10689
2213.45100 3512.10417 1975.47770 9999.00000 9999.00000 20.00000 0.10702
2208.87500 3535.16871 2044.51425 9999.00000 9999.00000 20.00000 0.10714
2221.23100 3589.27906 2044.63856 9999.00000 9999.00000 20.00000 0.10727
2225.10100 3598.62585 2056.02760 9999.00000 9999.00000 20.00000 0.10740
2236.26200 3506.43423 2047.99131 9999.00000 9999.00000 20.00000 0.10752
2228.11500 3414.59140 2013.51506 9999.00000 9999.00000 20.00000 0.10765
2209.64100 3465.36994 2007.47367 9999.00000 9999.00000 20.00000 0.10778
2205.68900 3500.39359 2049.25484 9999.00000 9999.00000 20.00000 0.10790
2213.51300 3491.78145 2013.93486 9999.00000 9999.00000 20.00000 0.10803
2213.53100 3412.37540 1981.07231 9999.00000 9999.00000 20.00000 0.10815
2202.35600 3440.81478 1989.05398 9999.00000 9999.00000 20.00000 0.10828
2197.61800 3425.92491 2001.32927 9999.00000 9999.00000 20.00000 0.10841
2206.03300 3400.16210 2015.97997 9999.00000 9999.00000 20.00000 0.10853
2204.15100 3346.87722 2010.13416 9999.00000 9999.00000 20.00000 0.10866
2204.06400 3293.70497 2015.38565 9999.00000 9999.00000 20.00000 0.10878
2200.26400 3209.79020 2007.69319 9999.00000 9999.00000 20.00000 0.10891
2217.11200 3340.10123 2005.13858 9999.00000 9999.00000 20.00000 0.10904
2241.92600 3698.63261 2012.60094 9999.00000 9999.00000 20.00000 0.10916
2263.45000 3769.43929 2036.57751 9999.00000 9999.00000 20.00000 0.10929
2283.07200 3681.15181 2048.65377 9999.00000 9999.00000 20.00000 0.10941
2294.13500 3672.51947 2066.43459 9999.00000 9999.00000 20.00000 0.10954
2294.51000 3643.26865 2100.11170 9999.00000 9999.00000 20.00000 0.10967
2285.99600 3642.22503 2075.48655 9999.00000 9999.00000 20.00000 0.10979
2300.41800 3704.02046 2087.76949 9999.00000 9999.00000 20.00000 0.10992
2296.82600 3695.15491 2111.24449 9999.00000 9999.00000 20.00000 0.11004
2292.31500 3689.28916 2112.52697 9999.00000 9999.00000 20.00000 0.11017
2293.01300 3728.04386 2081.78128 9999.00000 9999.00000 20.00000 0.11030
2292.05200 3741.66148 2061.74791 9999.00000 9999.00000 20.00000 0.11042
2281.48700 3671.05354 2072.93473 9999.00000 9999.00000 20.00000 0.11055
2291.44300 3668.06321 2094.38806 9999.00000 9999.00000 20.00000 0.11067
2295.83100 3554.76331 2049.32254 9999.00000 9999.00000 20.00000 0.11080
2289.46400 3581.18026 2046.95207 9999.00000 9999.00000 20.00000 0.11092
2273.92600 3609.92140 2089.61496 9999.00000 9999.00000 20.00000 0.11105
2248.19600 3518.07808 2096.62104 9999.00000 9999.00000 20.00000 0.11118
2225.44700 3479.81597 2053.59219 9999.00000 9999.00000 20.00000 0.11130
2204.05700 3455.25418 2014.46657 9999.00000 9999.00000 20.00000 0.11143
2212.63200 3443.08978 2012.72788 9999.00000 9999.00000 20.00000 0.11155
2221.27400 3475.89832 2023.50288 9999.00000 9999.00000 20.00000 0.11168
2228.16600 3348.38127 2011.59851 9999.00000 9999.00000 20.00000 0.11180
2229.01500 3289.46892 1998.14663 9999.00000 9999.00000 20.00000 0.11193
2220.40300 3373.65137 1990.25574 9999.00000 9999.00000 20.00000 0.11205
2211.62500 3331.81144 1992.69541 9999.00000 9999.00000 20.00000 0.11218
2209.95400 3417.76841 1981.94739 9999.00000 9999.00000 20.00000 0.11231
2207.79200 3392.13055 1950.10308 9999.00000 9999.00000 20.00000 0.11243
2219.61400 3314.03248 1922.59942 9999.00000 9999.00000 20.00000 0.11256
2209.49400 3368.76126 1965.42336 9999.00000 9999.00000 20.00000 0.11268
2211.17400 3386.01955 2036.66762 9999.00000 9999.00000 20.00000 0.11281
2220.45800 3553.88679 2140.92474 9999.00000 9999.00000 20.00000 0.11293
2289.23200 3935.17470 2258.42247 9999.00000 9999.00000 20.00000 0.11306
2408.63600 4363.25248 2303.35392 9999.00000 9999.00000 20.00000 0.11318
2440.62900 4318.05864 2253.41320 9999.00000 9999.00000 20.00000 0.11331
2447.94000 3563.29334 2078.67219 9999.00000 9999.00000 20.00000 0.11343
2427.40700 3274.35667 1972.39499 9999.00000 9999.00000 20.00000 0.11356
2282.05000 3313.92251 1937.87802 9999.00000 9999.00000 20.00000 0.11368
2226.35100 3402.28688 1983.60571 9999.00000 9999.00000 20.00000 0.11381
2222.36700 3433.81758 1978.11786 9999.00000 9999.00000 20.00000 0.11393
2218.09900 3461.03673 1970.50146 9999.00000 9999.00000 20.00000 0.11404
2216.08400 3522.09145 2030.36455 9999.00000 9999.00000 20.00000 0.11414
2230.04000 3451.44706 2039.97427 9999.00000 9999.00000 20.00000 0.11424
2225.16700 3550.70485 2048.86347 9999.00000 9999.00000 20.00000 0.11434
2225.63000 3549.27588 2113.87501 9999.00000 9999.00000 20.00000 0.11445
2241.68600 3478.86329 2114.59242 9999.00000 9999.00000 20.00000 0.11455
2235.14400 3515.41707 2076.24718 9999.00000 9999.00000 20.00000 0.11465
2217.40800 3546.94594 2054.79543 9999.00000 9999.00000 20.00000 0.11475
2229.71300 3410.94783 2055.06601 9999.00000 9999.00000 20.00000 0.11485
2259.93600 3365.46938 2041.28008 9999.00000 9999.00000 20.00000 0.11495
2266.26700 3469.98289 2034.95219 9999.00000 9999.00000 20.00000 0.11505
2271.44400 3306.12419 2055.05206 9999.00000 9999.00000 20.00000 0.11515
2278.08600 3327.16985 2050.26275 9999.00000 9999.00000 20.00000 0.11525
2242.11700 3346.92878 2028.39603 9999.00000 9999.00000 20.00000 0.11535
2236.97000 3284.14513 2064.03335 9999.00000 9999.00000 20.00000 0.11546
2229.29100 3336.69790 2079.50963 9999.00000 9999.00000 20.00000 0.11556
2219.10200 3392.18412 2117.72465 9999.00000 9999.00000 20.00000 0.11566
2221.64400 3495.91367 2153.67780 9999.00000 9999.00000 20.00000 0.11576
2237.71300 3556.51836 2121.15850 9999.00000 9999.00000 20.00000 0.11586
2236.00100 3540.17774 2081.12021 9999.00000 9999.00000 20.00000 0.11596
2242.42200 3619.92841 2098.45266 9999.00000 9999.00000 20.00000 0.11606
2260.83000 3607.75226 2094.13820 9999.00000 9999.00000 20.00000 0.11616
2249.74400 3351.75622 2087.90392 9999.00000 9999.00000 20.00000 0.11626
2229.13700 3412.37540 2073.25271 9999.00000 9999.00000 20.00000 0.11636
2228.10600 3493.62512 2075.58790 9999.00000 9999.00000 20.00000 0.11646
2216.06400 3567.08378 2099.95230 9999.00000 9999.00000 20.00000 0.11656
2224.19100 3484.02260 2143.46049 9999.00000 9999.00000 20.00000 0.11667
2240.32000 3651.02297 2211.90636 9999.00000 9999.00000 20.00000 0.11677
2258.53600 3623.75166 2171.43488 9999.00000 9999.00000 20.00000 0.11687
2221.68000 3501.20898 2037.65903 9999.00000 9999.00000 20.00000 0.11697
2210.11700 3430.95536 1934.45276 9999.00000 9999.00000 20.00000 0.11707
2211.64000 3386.52355 1897.93335 9999.00000 9999.00000 20.00000 0.11717
2230.84700 3360.85121 1970.91169 9999.00000 9999.00000 20.00000 0.11727
2248.93600 3497.95037 2049.00513 9999.00000 9999.00000 20.00000 0.11737
2252.16900 3553.06881 2185.28211 9999.00000 9999.00000 20.00000 0.11747
2253.73200 3709.90767 2227.93245 9999.00000 9999.00000 20.00000 0.11757
2228.88100 3557.61417 2191.69584 9999.00000 9999.00000 20.00000 0.11767
2238.49500 3464.33745 2184.18918 9999.00000 9999.00000 20.00000 0.11777
2238.72600 3581.66247 2165.21785 9999.00000 9999.00000 20.00000 0.11787
2223.66800 3527.78977 2143.92152 9999.00000 9999.00000 20.00000 0.11797
2221.90300 3622.93931 2131.75877 9999.00000 9999.00000 20.00000 0.11807
2222.69300 3777.78064 2138.06906 9999.00000 9999.00000 20.00000 0.11817
2236.29800 3733.92884 2131.45851 9999.00000 9999.00000 20.00000 0.11828
2245.35300 3622.91632 2123.09464 9999.00000 9999.00000 20.00000 0.11838
2266.75300 3339.61095 2071.24357 9999.00000 9999.00000 20.00000 0.11848
2287.98000 3346.02226 2022.13701 9999.00000 9999.00000 20.00000 0.11858
2274.25200 3342.03864 1991.10680 9999.00000 9999.00000 20.00000 0.11868
2248.73900 3328.63017 1967.88468 9999.00000 9999.00000 20.00000 0.11878
2239.17200 3320.88130 1972.60769 9999.00000 9999.00000 20.00000 0.11888
2227.03000 3394.92833 1969.09515 9999.00000 9999.00000 20.00000 0.11898
2229.03300 3362.00117 1959.41067 9999.00000 9999.00000 20.00000 0.11908
2233.31600 3254.86631 1957.10623 9999.00000 9999.00000 20.00000 0.11918
2232.28400 3313.49925 1960.45140 9999.00000 9999.00000 20.00000 0.11928
2221.07700 3321.77479 1978.61750 9999.00000 9999.00000 20.00000 0.11938
2240.96800 3307.28796 1981.15326 9999.00000 9999.00000 20.00000 0.11948
2246.03000 3350.14570 1972.94007 9999.00000 9999.00000 20.00000 0.11958
2233.45700 3312.58544 1940.14190 9999.00000 9999.00000 20.00000 0.11968
2223.18900 3375.49558 1974.71530 9999.00000 9999.00000 20.00000 0.11978
2228.37000 3358.94612 1985.89364 9999.00000 9999.00000 20.00000 0.11988
2236.92200 3309.92387 2050.35703 9999.00000 9999.00000 20.00000 0.11998
2234.53900 3326.96037 2052.77210 9999.00000 9999.00000 20.00000 0.12008
2222.66400 3412.78758 1982.09174 9999.00000 9999.00000 20.00000 0.12018
2229.58600 3428.86232 1978.04578 9999.00000 9999.00000 20.00000 0.12028
2225.72000 3345.17446 2015.17460 9999.00000 9999.00000 20.00000 0.12038
2215.58300 3314.74409 1950.32280 9999.00000 9999.00000 20.00000 0.12048
2212.71700 3465.89307 1970.59477 9999.00000 9999.00000 20.00000 0.12058
2228.32200 3517.16257 2085.03375 9999.00000 9999.00000 20.00000 0.12068
2318.44500 4226.48162 2211.30106 9999.00000 9999.00000 20.00000 0.12078
2435.69500 4879.98437 2277.29491 9999.00000 9999.00000 20.00000 0.12088
2508.39000 4600.85198 2270.54822 9999.00000 9999.00000 20.00000 0.12098
2550.05100 4743.01277 2264.56255 9999.00000 9999.00000 20.00000 0.12108
2585.36100 4431.51869 2352.52903 9999.00000 9999.00000 20.00000 0.12118
2599.82500 4072.32797 2224.72168 9999.00000 9999.00000 20.00000 0.12128
2638.33800 3695.19662 2230.95717 9999.00000 9999.00000 20.00000 0.12138
2656.34900 3482.70569 2242.19893 9999.00000 9999.00000 20.00000 0.12148
2643.14300 3503.13819 2230.88343 9999.00000 9999.00000 20.00000 0.12158
2597.01100 3473.99839 2216.25152 9999.00000 9999.00000 20.00000 0.12168
2522.71300 3436.41084 2202.12197 9999.00000 9999.00000 20.00000 0.12178
2429.54700 3436.71120 2160.44765 9999.00000 9999.00000 20.00000 0.12188
2410.35700 3365.45634 2150.99135 9999.00000 9999.00000 20.00000 0.12198
2348.65500 3340.79838 2112.91221 9999.00000 9999.00000 20.00000 0.12208
2313.42600 3133.46236 2095.02683 9999.00000 9999.00000 20.00000 0.12218
2251.58300 3058.74893 2077.65388 9999.00000 9999.00000 20.00000 0.12228
2201.17500 3081.05585 2071.73464 9999.00000 9999.00000 20.00000 0.12238
2210.21300 3348.26567 2077.52596 9999.00000 9999.00000 20.00000 0.12248
2240.03600 3365.94178 2093.71984 9999.00000 9999.00000 20.00000 0.12258
2241.40800 3327.09282 2092.25537 9999.00000 9999.00000 20.00000 0.12268
2221.60200 3231.40981 2039.98386 9999.00000 9999.00000 20.00000 0.12278
2182.56200 3310.23926 2056.48988 9999.00000 9999.00000 20.00000 0.12288
2189.48300 3333.45611 2131.43759 9999.00000 9999.00000 20.00000 0.12298
2208.40700 3462.64457 2101.73755 9999.00000 9999.00000 20.00000 0.12308
2199.34600 3364.69675 2103.98136 9999.00000 9999.00000 20.00000 0.12318
2191.41300 3318.12866 2127.73604 9999.00000 9999.00000 20.00000 0.12328
2196.22300 3287.16777 2126.86971 9999.00000 9999.00000 20.00000 0.12338
2197.35900 3443.99507 2108.97982 9999.00000 9999.00000 20.00000 0.12348
2205.46600 3510.93438 2101.75790 9999.00000 9999.00000 20.00000 0.12358
2203.27200 3657.60319 2099.55148 9999.00000 9999.00000 20.00000 0.12368
2216.02700 3563.29076 2071.56234 9999.00000 9999.00000 20.00000 0.12378
2217.33000 3481.77751 2043.22562 9999.00000 9999.00000 20.00000 0.12388
2209.54900 3480.25370 2039.85010 9999.00000 9999.00000 20.00000 0.12398
2186.83600 3620.20070 2090.16202 9999.00000 9999.00000 20.00000 0.12408
2167.04400 3465.17040 2075.27954 9999.00000 9999.00000 20.00000 0.12418
2171.39600 3525.42327 2109.42790 9999.00000 9999.00000 20.00000 0.12428
2251.37100 3443.99507 2131.38438 9999.00000 9999.00000 20.00000 0.12438
2335.60000 3353.62837 2108.45491 9999.00000 9999.00000 20.00000 0.12448
2347.01000 3503.51669 2094.08815 9999.00000 9999.00000 20.00000 0.12458
2333.07200 3709.62728 2107.22626 9999.00000 9999.00000 20.00000 0.12468
2336.16300 3564.30997 2131.94261 9999.00000 9999.00000 20.00000 0.12478
2329.55700 3641.90695 2190.66952 9999.00000 9999.00000 20.00000 0.12487
2346.55400 3632.49943 2197.15170 9999.00000 9999.00000 20.00000 0.12497
2412.09900 3583.78235 2170.48262 9999.00000 9999.00000 20.00000 0.12507
2438.06600 3533.64846 2122.90917 9999.00000 9999.00000 20.00000 0.12517
2469.22200 3288.34852 2146.08895 9999.00000 9999.00000 20.00000 0.12527
2518.34100 3351.13263 2107.52062 9999.00000 9999.00000 20.00000 0.12537
2524.79000 3698.56959 2077.84190 9999.00000 9999.00000 20.00000 0.12547
2529.81700 3740.84518 2100.91171 9999.00000 9999.00000 20.00000 0.12557
2514.99900 3693.85935 2149.19778 9999.00000 9999.00000 20.00000 0.12567
2501.59600 3672.66130 2160.45653 9999.00000 9999.00000 20.00000 0.12577
2490.95400 3301.43762 2123.51624 9999.00000 9999.00000 20.00000 0.12587
2499.52500 3666.11365 2123.98453 9999.00000 9999.00000 20.00000 0.12597
2526.40800 3691.38697 2126.57537 9999.00000 9999.00000 20.00000 0.12607
2527.87000 3681.80790 2136.16812 9999.00000 9999.00000 20.00000 0.12617
2518.62200 3796.34645 2130.84189 9999.00000 9999.00000 20.00000 0.12627
2447.91100 3584.36111 2110.90448 9999.00000 9999.00000 20.00000 0.12636
2324.28200 3831.32773 2039.35738 9999.00000 9999.00000 20.00000 0.12646
2251.76000 3863.40199 2038.60480 9999.00000 9999.00000 20.00000 0.12656
2246.45400 3638.03872 2027.66263 9999.00000 9999.00000 20.00000 0.12666
2230.94700 3595.24619 2130.56645 9999.00000 9999.00000 20.00000 0.12676
2241.27000 3546.16139 2173.86980 9999.00000 9999.00000 20.00000 0.12686
2262.88000 3655.88015 2198.10284 9999.00000 9999.00000 20.00000 0.12696
2277.93500 3769.25223 2174.25643 9999.00000 9999.00000 20.00000 0.12706
2267.43200 3761.03269 2155.18489 9999.00000 9999.00000 20.00000 0.12716
2290.72000 3924.48631 2156.99546 9999.00000 9999.00000 20.00000 0.12727
2324.79900 3959.43281 2160.73089 9999.00000 9999.00000 20.00000 0.12740
2385.77300 4081.96451 2248.76276 9999.00000 9999.00000 20.00000 0.12753
2480.95800 3832.65680 2089.62895 9999.00000 9999.00000 20.00000 0.12766
2526.54400 3602.98507 2080.32696 9999.00000 9999.00000 20.00000 0.12779
2508.91900 3578.09091 2132.31174 9999.00000 9999.00000 20.00000 0.12792
2498.41500 3856.47140 2272.63080 9999.00000 9999.00000 20.00000 0.12805
2480.63600 4356.74900 2344.07986 9999.00000 9999.00000 20.00000 0.12818
2470.79600 4508.42951 2417.77468 9999.00000 9999.00000 20.00000 0.12831
2474.11900 4716.31014 2421.82396 9999.00000 9999.00000 20.00000 0.12845
2479.81600 4274.63192 2505.47716 9999.00000 9999.00000 20.00000 0.12858
2449.60300 4073.15417 2498.49134 9999.00000 9999.00000 20.00000 0.12871
2404.13000 4062.43360 2472.49313 9999.00000 9999.00000 20.00000 0.12884
2396.40500 3943.32362 2424.99921 9999.00000 9999.00000 20.00000 0.12897
2394.93900 3753.06685 2312.57231 9999.00000 9999.00000 20.00000 0.12910
2327.93300 3789.71093 2266.63160 9999.00000 9999.00000 20.00000 0.12923
2289.46600 3882.54485 2266.15999 9999.00000 9999.00000 20.00000 0.12936
2299.57000 3858.19355 2291.38547 9999.00000 9999.00000 20.00000 0.12949
2314.99800 3781.33123 2342.50148 9999.00000 9999.00000 20.00000 0.12962
2304.77800 3743.50915 2364.99416 9999.00000 9999.00000 20.00000 0.12975
2279.32100 3636.31155 2363.53904 9999.00000 9999.00000 20.00000 0.12988
2264.57000 3739.96270 2344.03915 9999.00000 9999.00000 20.00000 0.13001
2256.35800 3755.28299 2347.69491 9999.00000 9999.00000 20.00000 0.13014
2264.32400 3730.00622 2334.57142 9999.00000 9999.00000 20.00000 0.13027
2255.51000 3644.40459 2316.63441 9999.00000 9999.00000 20.00000 0.13040
2245.21800 3628.77772 2283.06058 9999.00000 9999.00000 20.00000 0.13053
2251.49400 3586.21437 2258.61653 9999.00000 9999.00000 20.00000 0.13066
2235.96200 3605.19530 2280.82810 9999.00000 9999.00000 20.00000 0.13079
2239.09800 3686.67730 2306.46344 9999.00000 9999.00000 20.00000 0.13092
2252.85900 3725.44142 2304.01331 9999.00000 9999.00000 20.00000 0.13105
2264.01900 3617.86781 2291.51584 9999.00000 9999.00000 20.00000 0.13118
2261.08900 3678.64557 2257.05572 9999.00000 9999.00000 20.00000 0.13131
2240.83200 3647.23390 2251.79002 9999.00000 9999.00000 20.00000 0.13144
2228.15800 3645.11150 2256.76553 9999.00000 9999.00000 20.00000 0.13157
2244.62700 3612.57657 2256.18489 9999.00000 9999.00000 20.00000 0.13170
2254.38300 3640.38444 2273.50144 9999.00000 9999.00000 20.00000 0.13183
2245.62300 3575.00562 2283.66820 9999.00000 9999.00000 20.00000 0.13195
2245.47400 3629.07571 2258.38263 9999.00000 9999.00000 20.00000 0.13208
2244.13500 3610.31354 2266.06950 9999.00000 9999.00000 20.00000 0.13221
2244.12300 3670.77289 2250.49619 9999.00000 9999.00000 20.00000 0.13234
2240.64300 3740.49634 2238.83199 9999.00000 9999.00000 20.00000 0.13247
2233.06200 3382.49510 2200.20048 9999.00000 9999.00000 20.00000 0.13260
2235.66000 3391.30589 2246.98651 9999.00000 9999.00000 20.00000 0.13273
2245.00300 3568.82169 2267.99297 9999.00000 9999.00000 20.00000 0.13286
2261.86800 3668.15618 2265.61151 9999.00000 9999.00000 20.00000 0.13299
2280.14200 3668.40544 2264.13646 9999.00000 9999.00000 20.00000 0.13312
2283.01700 3578.80826 2303.75078 9999.00000 9999.00000 20.00000 0.13325
2285.05800 3671.36528 2362.20081 9999.00000 9999.00000 20.00000 0.13338
2294.95100 3640.78318 2377.78907 9999.00000 9999.00000 20.00000 0.13351
2282.59100 3575.96626 2316.30453 9999.00000 9999.00000 20.00000 0.13364
2270.67000 3600.73923 2328.68958 9999.00000 9999.00000 20.00000 0.13377
2277.58000 3626.65302 2301.85322 9999.00000 9999.00000 20.00000 0.13390
2274.30300 3531.34086 2274.84830 9999.00000 9999.00000 20.00000 0.13402
2272.78700 3530.30860 2257.92007 9999.00000 9999.00000 20.00000 0.13415
2260.98600 3620.84247 2299.72470 9999.00000 9999.00000 20.00000 0.13428
2267.86200 3577.40206 2357.67079 9999.00000 9999.00000 20.00000 0.13441
2281.66200 3616.44909 2355.70229 9999.00000 9999.00000 20.00000 0.13454
2246.27200 3651.87933 2278.66966 9999.00000 9999.00000 20.00000 0.13467
2232.59400 3633.76156 2259.85273 9999.00000 9999.00000 20.00000 0.13480
2227.35800 3688.25173 2247.39251 9999.00000 9999.00000 20.00000 0.13493
2236.72500 3656.87936 2256.29089 9999.00000 9999.00000 20.00000 0.13506
2239.30400 3544.24740 2241.84763 9999.00000 9999.00000 20.00000 0.13519
2242.40700 3531.32335 2252.80124 9999.00000 9999.00000 20.00000 0.13531
2246.50000 3723.19512 2272.50929 9999.00000 9999.00000 20.00000 0.13544
2249.96900 3596.23908 2265.13572 9999.00000 9999.00000 20.00000 0.13557
2242.08700 3618.02636 2253.20782 9999.00000 9999.00000 20.00000 0.13570
2230.83400 3570.85297 2275.74085 9999.00000 9999.00000 20.00000 0.13583
2234.99000 3530.68486 2278.80535 9999.00000 9999.00000 20.00000 0.13596
2235.11300 3574.16640 2253.58455 9999.00000 9999.00000 20.00000 0.13609
2232.46400 3574.21309 2232.00414 9999.00000 9999.00000 20.00000 0.13622
2234.49900 3627.21804 2211.06951 9999.00000 9999.00000 20.00000 0.13634
2236.91800 3544.94930 2221.21677 9999.00000 9999.00000 20.00000 0.13647
2233.17300 3660.08549 2268.07898 9999.00000 9999.00000 20.00000 0.13660
2231.95500 3598.76976 2291.74089 9999.00000 9999.00000 20.00000 0.13673
2243.69800 3762.04986 2288.73278 9999.00000 9999.00000 20.00000 0.13686
2244.05800 3790.51711 2271.52162 9999.00000 9999.00000 20.00000 0.13699
2242.53700 3609.98211 2259.09419 9999.00000 9999.00000 20.00000 0.13711
2219.05700 3528.35867 2248.66960 9999.00000 9999.00000 20.00000 0.13724
2224.91300 3594.40194 2231.43666 9999.00000 9999.00000 20.00000 0.13737
2234.29300 3594.18205 2263.17042 9999.00000 9999.00000 20.00000 0.13750
2233.37000 3590.78949 2254.86310 9999.00000 9999.00000 20.00000 0.13763
2232.07600 3447.67808 2223.80925 9999.00000 9999.00000 20.00000 0.13776
2274.24400 3407.02496 2205.80647 9999.00000 9999.00000 20.00000 0.13788
2257.98200 3435.10013 2228.31370 9999.00000 9999.00000 20.00000 0.13801
2225.58400 3540.87367 2208.60773 9999.00000 9999.00000 20.00000 0.13814
2232.43200 3566.67172 2221.20541 9999.00000 9999.00000 20.00000 0.13827
2233.63400 3532.79976 2229.20742 9999.00000 9999.00000 20.00000 0.13840
2228.95100 3534.79273 2235.09845 9999.00000 9999.00000 20.00000 0.13853
2236.57500 3592.31152 2257.07611 9999.00000 9999.00000 20.00000 0.13865
2243.61300 3628.77111 2262.55264 9999.00000 9999.00000 20.00000 0.13878
2236.00200 3709.16989 2278.16497 9999.00000 9999.00000 20.00000 0.13891
2222.93500 3605.16473 2270.83216 9999.00000 9999.00000 20.00000 0.13904
2216.88300 3588.37509 2239.93258 9999.00000 9999.00000 20.00000 0.13917
2210.72400 3508.11348 2217.75640 9999.00000 9999.00000 20.00000 0.13929
2267.92700 3511.39110 2195.17277 9999.00000 9999.00000 20.00000 0.13942
2283.29200 3510.76349 2226.02869 9999.00000 9999.00000 20.00000 0.13955
2235.27700 3565.40675 2226.75427 9999.00000 9999.00000 20.00000 0.13968
2205.49000 3513.33156 2217.51807 9999.00000 9999.00000 20.00000 0.13980
2223.97000 3552.10528 2228.05025 9999.00000 9999.00000 20.00000 0.13993
2240.46200 3563.11473 2208.88566 9999.00000 9999.00000 20.00000 0.14006
2223.92900 3521.02986 2212.52570 9999.00000 9999.00000 20.00000 0.14019
2223.73400 3547.32451 2225.00862 9999.00000 9999.00000 20.00000 0.14032
2214.64500 3676.79913 2201.70741 9999.00000 9999.00000 20.00000 0.14044
2230.66600 3563.99581 2215.07680 9999.00000 9999.00000 20.00000 0.14057
2226.10600 3775.52000 2216.48859 9999.00000 9999.00000 20.00000 0.14070
2235.38400 3790.15173 2216.48859 9999.00000 9999.00000 20.00000 0.14083
2241.65700 3589.11977 2235.36407 9999.00000 9999.00000 20.00000 0.14095
2243.52100 3565.67152 2254.53937 9999.00000 9999.00000 20.00000 0.14108
2245.12800 3608.53568 2255.87200 9999.00000 9999.00000 20.00000 0.14121
2225.41000 3530.00102 2268.43958 9999.00000 9999.00000 20.00000 0.14133
2256.34800 3509.79439 2196.39410 9999.00000 9999.00000 20.00000 0.14146
2247.69000 3678.80208 2107.89824 9999.00000 9999.00000 20.00000 0.14159
2241.24700 3988.73560 2105.59590 9999.00000 9999.00000 20.00000 0.14172
2242.39300 3759.33182 2212.02246 9999.00000 9999.00000 20.00000 0.14184
2249.85800 3731.64859 2241.74247 9999.00000 9999.00000 20.00000 0.14197
2244.23600 3900.83834 2263.99688 9999.00000 9999.00000 20.00000 0.14210
2243.20000 3723.76493 2226.74682 9999.00000 9999.00000 20.00000 0.14223
2260.59300 3509.08165 2208.76500 9999.00000 9999.00000 20.00000 0.14235
2270.43000 3639.37298 2308.21873 9999.00000 9999.00000 20.00000 0.14248
2274.48100 3716.60521 2416.38428 9999.00000 9999.00000 20.00000 0.14261
2291.41700 3726.04042 2419.47083 9999.00000 9999.00000 20.00000 0.14273
2306.41200 3677.58909 2435.44362 9999.00000 9999.00000 20.00000 0.14286
2370.36700 3740.93343 2238.17777 9999.00000 9999.00000 20.00000 0.14299
2357.13100 3770.03402 2201.96613 9999.00000 9999.00000 20.00000 0.14311
2358.63900 3647.29587 2195.42900 9999.00000 9999.00000 20.00000 0.14324
2355.26100 3731.16557 2186.99467 9999.00000 9999.00000 20.00000 0.14337
2344.04400 3761.13113 2176.60851 9999.00000 9999.00000 20.00000 0.14353
2343.97300 3920.36340 2179.16252 9999.00000 9999.00000 20.00000 0.14370
2335.52300 4293.43996 2175.27690 9999.00000 9999.00000 20.00000 0.14386
2328.36600 4208.17016 2171.13043 9999.00000 9999.00000 20.00000 0.14403
2340.85000 4190.66811 2184.89346 9999.00000 9999.00000 20.00000 0.14419
2331.02200 4302.31531 2194.50718 9999.00000 9999.00000 20.00000 0.14436
2340.69500 4453.27920 2196.15601 9999.00000 9999.00000 20.00000 0.14452
2314.96000 4245.46008 2176.63602 9999.00000 9999.00000 20.00000 0.14469
2283.76100 3757.43176 2103.91001 9999.00000 9999.00000 20.00000 0.14485
2250.81400 3610.37358 2057.52399 9999.00000 9999.00000 20.00000 0.14502
2243.07000 3553.97215 2011.47171 9999.00000 9999.00000 20.00000 0.14518
2236.55000 3627.89922 1966.58666 9999.00000 9999.00000 20.00000 0.14535
2210.02100 3669.59417 1987.30113 9999.00000 9999.00000 20.00000 0.14551
2207.97600 3587.69710 1950.61800 9999.00000 9999.00000 20.00000 0.14568
2200.64000 3556.23342 1937.53631 9999.00000 9999.00000 20.00000 0.14584
2198.25400 3519.71088 1911.50193 9999.00000 9999.00000 20.00000 0.14600
2199.46700 3457.79736 1921.00639 9999.00000 9999.00000 20.00000 0.14617
2200.73300 3494.61344 1921.19373 9999.00000 9999.00000 20.00000 0.14633
2212.41400 3530.40470 1911.10582 9999.00000 9999.00000 20.00000 0.14650
2220.59100 3418.04153 1915.88178 9999.00000 9999.00000 20.00000 0.14666
2229.93000 3391.51891 1937.57727 9999.00000 9999.00000 20.00000 0.14683
2233.86100 3395.22144 1934.63524 9999.00000 9999.00000 20.00000 0.14699
2220.90700 3365.37812 1931.45109 9999.00000 9999.00000 20.00000 0.14715
2214.72200 3345.37503 1901.86831 9999.00000 9999.00000 20.00000 0.14732
2220.03500 3336.10609 1882.15179 9999.00000 9999.00000 20.00000 0.14748
2220.31000 3300.49503 1862.71133 9999.00000 9999.00000 20.00000 0.14765
2225.02800 3236.10296 1829.84260 9999.00000 9999.00000 20.00000 0.14781
2223.50000 3234.40788 1813.64821 9999.00000 9999.00000 20.00000 0.14797
2208.80200 3174.94525 1814.83426 9999.00000 9999.00000 20.00000 0.14814
2207.79400 3184.25361 1820.25790 9999.00000 9999.00000 20.00000 0.14830
2207.13600 3245.72540 1851.91786 9999.00000 9999.00000 20.00000 0.14847
2199.95200 3269.16835 1913.30755 9999.00000 9999.00000 20.00000 0.14863
2211.45300 3286.19278 1918.91374 9999.00000 9999.00000 20.00000 0.14879
2225.18700 3299.33604 1935.30776 9999.00000 9999.00000 20.00000 0.14896
2239.84900 3293.50403 1920.19205 9999.00000 9999.00000 20.00000 0.14912
2239.71100 3305.18878 1947.34879 9999.00000 9999.00000 20.00000 0.14928
2231.35200 3333.14739 1936.05053 9999.00000 9999.00000 20.00000 0.14945
2248.34500 3388.40830 1918.89494 9999.00000 9999.00000 20.00000 0.14961
2244.46200 3276.65227 1896.23007 9999.00000 9999.00000 20.00000 0.14977
2234.12500 3283.87088 1901.12691 9999.00000 9999.00000 20.00000 0.14994
2242.81100 3430.32906 1912.88101 9999.00000 9999.00000 20.00000 0.15010
2250.84900 3383.44846 1934.40031 9999.00000 9999.00000 20.00000 0.15026
2253.00300 3352.87407 1929.68117 9999.00000 9999.00000 20.00000 0.15043
2253.91600 3363.88534 1939.44419 9999.00000 9999.00000 20.00000 0.15059
2278.88700 3335.15360 1985.55097 9999.00000 9999.00000 20.00000 0.15075
2358.84800 3330.68204 2020.88093 9999.00000 9999.00000 20.00000 0.15091
2424.46100 3280.58917 2118.24116 9999.00000 9999.00000 20.00000 0.15108
2423.18000 3506.99626 2230.79821 9999.00000 9999.00000 20.00000 0.15124
2430.10000 3804.62987 2220.59355 9999.00000 9999.00000 20.00000 0.15140
2351.98000 3667.62749 2076.78424 9999.00000 9999.00000 20.00000 0.15157
2261.68100 3362.89033 1909.95828 9999.00000 9999.00000 20.00000 0.15173
2253.94100 3299.73937 1901.91177 9999.00000 9999.00000 20.00000 0.15189
2254.82100 3385.70102 1916.21481 9999.00000 9999.00000 20.00000 0.15205
2245.17300 3304.18391 1914.46314 9999.00000 9999.00000 20.00000 0.15222
2243.46400 3272.87760 1952.25939 9999.00000 9999.00000 20.00000 0.15238
2236.63400 3326.24793 1986.50468 9999.00000 9999.00000 20.00000 0.15254
2233.39500 3370.33741 2004.27831 9999.00000 9999.00000 20.00000 0.15270
2223.43900 3499.81957 2017.48423 9999.00000 9999.00000 20.00000 0.15286
2221.34800 3437.42205 2019.52348 9999.00000 9999.00000 20.00000 0.15303
2233.25300 3330.39942 2020.49786 9999.00000 9999.00000 20.00000 0.15319
2254.61300 3449.76854 2020.03894 9999.00000 9999.00000 20.00000 0.15335
2258.97000 3394.66407 2019.58024 9999.00000 9999.00000 20.00000 0.15351
2261.35500 3404.47353 2019.44957 9999.00000 9999.00000 20.00000 0.15367
2271.52200 3279.45329 2022.61899 9999.00000 9999.00000 20.00000 0.15384
2277.26100 3442.42880 2026.82486 9999.00000 9999.00000 20.00000 0.15400
2263.55300 3430.94887 2028.35855 9999.00000 9999.00000 20.00000 0.15416
2253.89300 3407.61314 2030.47682 9999.00000 9999.00000 20.00000 0.15432
2256.94400 3417.45557 2034.74698 9999.00000 9999.00000 20.00000 0.15448
2254.24300 3422.85941 2001.53261 9999.00000 9999.00000 20.00000 0.15464
2247.85700 3423.40143 2005.68419 9999.00000 9999.00000 20.00000 0.15481
2239.02200 3466.40848 2037.86275 9999.00000 9999.00000 20.00000 0.15497
2240.61900 3508.42958 2075.19201 9999.00000 9999.00000 20.00000 0.15513
2233.16600 3551.93474 2099.64152 9999.00000 9999.00000 20.00000 0.15529
2233.78700 3478.24787 2108.40328 9999.00000 9999.00000 20.00000 0.15545
2240.25200 3489.33864 2109.71263 9999.00000 9999.00000 20.00000 0.15561
2234.35400 3440.78751 2114.52527 9999.00000 9999.00000 20.00000 0.15577
2238.49200 3510.70671 2120.90942 9999.00000 9999.00000 20.00000 0.15593
2247.18400 3480.79649 2129.77911 9999.00000 9999.00000 20.00000 0.15610
2260.82100 3386.01955 2093.51841 9999.00000 9999.00000 20.00000 0.15626
2252.47300 3406.13729 2089.06383 9999.00000 9999.00000 20.00000 0.15642
2253.17400 3474.30591 2097.17089 9999.00000 9999.00000 20.00000 0.15658
2251.17400 3473.66369 2110.47047 9999.00000 9999.00000 20.00000 0.15674
2250.00000 3563.20245 2072.12104 9999.00000 9999.00000 20.00000 0.15690
2241.46000 3479.50747 2085.21918 9999.00000 9999.00000 20.00000 0.15706
2244.84500 3491.98839 2087.47409 9999.00000 9999.00000 20.00000 0.15722
2240.99100 3555.08472 2109.56647 9999.00000 9999.00000 20.00000 0.15738
2237.81400 3559.18301 2099.23773 9999.00000 9999.00000 20.00000 0.15754
2254.48600 3510.10767 2126.64691 9999.00000 9999.00000 20.00000 0.15770
2275.20200 3525.10720 2114.97437 9999.00000 9999.00000 20.00000 0.15786
2252.56700 3531.38517 2093.60529 9999.00000 9999.00000 20.00000 0.15802
2230.20900 3469.11991 2045.22932 9999.00000 9999.00000 20.00000 0.15818
2222.93400 3484.72519 2026.81664 9999.00000 9999.00000 20.00000 0.15834
2211.64100 3485.70848 2051.16719 9999.00000 9999.00000 20.00000 0.15850
2212.31400 3448.74830 2054.79205 9999.00000 9999.00000 20.00000 0.15866
2221.28400 3422.69694 2016.44354 9999.00000 9999.00000 20.00000 0.15882
2211.62000 3314.94759 2007.69319 9999.00000 9999.00000 20.00000 0.15898
2215.54800 3373.99438 2030.50984 9999.00000 9999.00000 20.00000 0.15914
2228.37400 3497.83705 2054.57057 9999.00000 9999.00000 20.00000 0.15930
2222.92500 3434.11748 2000.62452 9999.00000 9999.00000 20.00000 0.15946
2213.24000 3363.28329 2017.85554 9999.00000 9999.00000 20.00000 0.15962
2223.73200 3414.34274 2055.06051 9999.00000 9999.00000 20.00000 0.15978
2211.78500 3472.35218 2059.17243 9999.00000 9999.00000 20.00000 0.15994
2207.00600 3525.71133 2059.72659 9999.00000 9999.00000 20.00000 0.16010
2224.05200 3483.12469 2075.80876 9999.00000 9999.00000 20.00000 0.16026
2216.07900 3499.81957 2081.91190 9999.00000 9999.00000 20.00000 0.16042
2222.93900 3592.84133 2071.90053 9999.00000 9999.00000 20.00000 0.16058
2239.23100 3585.71031 2065.83921 9999.00000 9999.00000 20.00000 0.16074
2244.86600 3621.90993 2054.61072 9999.00000 9999.00000 20.00000 0.16090
2287.49300 3984.44561 2045.28335 9999.00000 9999.00000 20.00000 0.16106
2301.68000 3750.67797 2049.68590 9999.00000 9999.00000 20.00000 0.16121
2257.03200 3497.49778 2057.68338 9999.00000 9999.00000 20.00000 0.16137
2229.06900 3459.15297 2064.49113 9999.00000 9999.00000 20.00000 0.16153
2201.50900 3590.55067 2068.22538 9999.00000 9999.00000 20.00000 0.16169
2196.38100 3603.00066 2066.70141 9999.00000 9999.00000 20.00000 0.16185
2211.33200 3492.89084 2052.81008 9999.00000 9999.00000 20.00000 0.16201
2218.85700 3348.06982 2052.27945 9999.00000 9999.00000 20.00000 0.16217
2257.49700 3323.84366 2032.75176 9999.00000 9999.00000 20.00000 0.16233
2294.48300 3439.63749 1978.09552 9999.00000 9999.00000 20.00000 0.16248
2309.50400 3756.88125 1975.79307 9999.00000 9999.00000 20.00000 0.16264
2256.71400 3854.29567 1989.79382 9999.00000 9999.00000 20.00000 0.16280
2228.96600 3734.03354 1932.60704 9999.00000 9999.00000 20.00000 0.16296
2226.97400 3566.31892 1918.64723 9999.00000 9999.00000 20.00000 0.16312
2234.00200 3383.81927 1904.19471 9999.00000 9999.00000 20.00000 0.16328
2238.03900 3352.04193 1907.01971 9999.00000 9999.00000 20.00000 0.16343
2228.05700 3437.85686 1919.03983 9999.00000 9999.00000 20.00000 0.16359
2225.65400 3530.55629 1928.72387 9999.00000 9999.00000 20.00000 0.16375
2226.27400 3483.98067 1936.95954 9999.00000 9999.00000 20.00000 0.16391
2229.49000 3430.00275 1954.44265 9999.00000 9999.00000 20.00000 0.16407
2234.67400 3342.37419 1964.48321 9999.00000 9999.00000 20.00000 0.16422
2225.05600 3327.09282 1982.07758 9999.00000 9999.00000 20.00000 0.16438
2231.61500 3366.58339 1975.02027 9999.00000 9999.00000 20.00000 0.16454
2291.85100 3415.88122 2009.00527 9999.00000 9999.00000 20.00000 0.16470
2340.45700 3468.47901 2044.62767 9999.00000 9999.00000 20.00000 0.16486
2367.53500 3415.25984 2062.36180 9999.00000 9999.00000 20.00000 0.16501
2385.44100 3428.47918 2087.48500 9999.00000 9999.00000 20.00000 0.16517
2366.49700 3490.55260 2094.89060 9999.00000 9999.00000 20.00000 0.16535
2355.60100 3543.48600 2070.66731 9999.00000 9999.00000 20.00000 0.16553
2336.88100 3456.24900 2051.40058 9999.00000 9999.00000 20.00000 0.16571
2329.30300 3514.44540 2029.72046 9999.00000 9999.00000 20.00000 0.16589
2326.45600 3625.90980 2004.79608 9999.00000 9999.00000 20.00000 0.16608
2279.11900 3591.50547 1962.22427 9999.00000 9999.00000 20.00000 0.16626
2231.56100 3514.61670 1924.44349 9999.00000 9999.00000 20.00000 0.16644
2214.78500 3379.40158 1970.32809 9999.00000 9999.00000 20.00000 0.16662
2215.53500 3367.00329 2014.82784 9999.00000 9999.00000 20.00000 0.16680
2213.13500 3413.99206 2024.47330 9999.00000 9999.00000 20.00000 0.16698
2218.09000 3454.26056 2019.55206 9999.00000 9999.00000 20.00000 0.16716
2215.11100 3379.45419 2010.88732 9999.00000 9999.00000 20.00000 0.16734
2222.64800 3325.04536 2018.24168 9999.00000 9999.00000 20.00000 0.16753
2223.29000 3360.79863 1999.17891 9999.00000 9999.00000 20.00000 0.16771
2218.49000 3353.83671 1979.42450 9999.00000 9999.00000 20.00000 0.16789
2215.16400 3372.17744 1986.14442 9999.00000 9999.00000 20.00000 0.16807
2213.41200 3392.18412 1964.43336 9999.00000 9999.00000 20.00000 0.16825
2212.73500 3398.64411 1969.56422 9999.00000 9999.00000 20.00000 0.16843
2213.08700 3315.50333 1972.22752 9999.00000 9999.00000 20.00000 0.16861
2233.47900 3389.09875 1970.73709 9999.00000 9999.00000 20.00000 0.16879
2235.91200 3430.35674 1983.65811 9999.00000 9999.00000 20.00000 0.16897
2247.68700 3435.78254 2002.08106 9999.00000 9999.00000 20.00000 0.16915
2256.49700 3482.45127 2006.67549 9999.00000 9999.00000 20.00000 0.16933
2248.45200 3405.78825 1991.90853 9999.00000 9999.00000 20.00000 0.16951
2242.93700 3336.98160 1958.36106 9999.00000 9999.00000 20.00000 0.16969
2236.35100 3343.56358 1943.20280 9999.00000 9999.00000 20.00000 0.16987
2244.32400 3266.25347 1937.34275 9999.00000 9999.00000 20.00000 0.17005
2238.31400 3220.27012 1939.84875 9999.00000 9999.00000 20.00000 0.17023
2219.53500 3304.30469 1928.53170 9999.00000 9999.00000 20.00000 0.17041
2223.39700 3385.72798 1908.03905 9999.00000 9999.00000 20.00000 0.17059
2219.45700 3355.24220 1868.94804 9999.00000 9999.00000 20.00000 0.17077
2212.56700 3263.68872 1844.33701 9999.00000 9999.00000 20.00000 0.17095
2219.31000 3227.36420 1846.94402 9999.00000 9999.00000 20.00000 0.17113
2213.54100 3181.00223 1882.00106 9999.00000 9999.00000 20.00000 0.17131
2234.86300 3164.93278 1912.84035 9999.00000 9999.00000 20.00000 0.17148
2243.55400 3297.34821 1912.77257 9999.00000 9999.00000 20.00000 0.17166
2231.21700 3318.84203 1946.71910 9999.00000 9999.00000 20.00000 0.17184
2228.08000 3300.77206 1957.82632 9999.00000 9999.00000 20.00000 0.17202
2224.11400 3254.27769 1966.82405 9999.00000 9999.00000 20.00000 0.17220
2233.64600 3342.06437 1975.43043 9999.00000 9999.00000 20.00000 0.17238
2243.96000 3254.68228 1983.23232 9999.00000 9999.00000 20.00000 0.17256
2251.38500 3387.23965 2012.82563 9999.00000 9999.00000 20.00000 0.17274
2250.36500 3383.52812 2020.54731 9999.00000 9999.00000 20.00000 0.17291
2257.22600 3406.35160 2020.71615 9999.00000 9999.00000 20.00000 0.17309
2256.09300 3180.13069 2010.19160 9999.00000 9999.00000 20.00000 0.17327
2233.68300 3078.44051 1986.30873 9999.00000 9999.00000 20.00000 0.17345
2224.68800 3228.29625 1981.54789 9999.00000 9999.00000 20.00000 0.17363
2217.32300 3259.94705 2001.04098 9999.00000 9999.00000 20.00000 0.17380
2234.88200 3248.53083 1954.79227 9999.00000 9999.00000 20.00000 0.17398
2234.99500 3250.82735 1910.56879 9999.00000 9999.00000 20.00000 0.17416
2235.46000 3283.33758 1952.10333 9999.00000 9999.00000 20.00000 0.17434
2247.55300 3358.45596 1977.80488 9999.00000 9999.00000 20.00000 0.17451
2265.25200 3428.26324 2023.36350 9999.00000 9999.00000 20.00000 0.17469
2262.66700 3547.91989 2049.82683 9999.00000 9999.00000 20.00000 0.17487
2242.91700 3517.52361 2039.44942 9999.00000 9999.00000 20.00000 0.17505
2238.05200 3475.85416 2015.13719 9999.00000 9999.00000 20.00000 0.17522
2241.22700 3441.10223 2010.16895 9999.00000 9999.00000 20.00000 0.17540
2229.06700 3309.66833 2015.41411 9999.00000 9999.00000 20.00000 0.17558
2236.05800 3378.82026 1989.77677 9999.00000 9999.00000 20.00000 0.17575
2242.15900 3351.75622 1979.35311 9999.00000 9999.00000 20.00000 0.17593
2240.68700 3389.04584 2030.19657 9999.00000 9999.00000 20.00000 0.17611
2238.22400 3451.75002 2079.10489 9999.00000 9999.00000 20.00000 0.17628
2245.35700 3493.96368 2136.52408 9999.00000 9999.00000 20.00000 0.17646
2248.62700 3627.06589 2112.20710 9999.00000 9999.00000 20.00000 0.17664
2280.48600 3770.90798 2111.60514 9999.00000 9999.00000 20.00000 0.17681
2319.63200 3777.82919 2123.63183 9999.00000 9999.00000 20.00000 0.17699
2332.30200 3723.19512 2159.00693 9999.00000 9999.00000 20.00000 0.17717
2322.54600 3668.00124 2136.69503 9999.00000 9999.00000 20.00000 0.17734
2321.88400 3594.34247 2102.55430 9999.00000 9999.00000 20.00000 0.17752
2326.16400 3520.53712 2117.26810 9999.00000 9999.00000 20.00000 0.17770
2325.74100 3570.75211 2145.72518 9999.00000 9999.00000 20.00000 0.17787
2284.89200 3631.54517 2194.53660 9999.00000 9999.00000 20.00000 0.17805
2215.57700 3593.62536 2180.37417 9999.00000 9999.00000 20.00000 0.17822
2196.98000 3520.08362 2161.98998 9999.00000 9999.00000 20.00000 0.17840
2214.24900 3563.61371 2163.21074 9999.00000 9999.00000 20.00000 0.17857
2196.88700 3390.87987 2118.24655 9999.00000 9999.00000 20.00000 0.17875
2166.90200 3462.86668 2087.45359 9999.00000 9999.00000 20.00000 0.17892
2144.93600 3424.97448 1950.19980 9999.00000 9999.00000 20.00000 0.17910
2196.33600 3464.94858 2065.74820 9999.00000 9999.00000 20.00000 0.17927
2206.12800 3687.11755 2059.18728 9999.00000 9999.00000 20.00000 0.17945
2198.64900 3777.49916 2123.42640 9999.00000 9999.00000 20.00000 0.17962
2189.33600 3731.48756 2122.13786 9999.00000 9999.00000 20.00000 0.17980
2182.97700 3656.95368 2122.13786 9999.00000 9999.00000 20.00000 0.17997
2225.44500 3648.77752 2134.56476 9999.00000 9999.00000 20.00000 0.18015
2229.07100 3812.18406 2121.69742 9999.00000 9999.00000 20.00000 0.18032
2228.73500 3888.87365 2091.10856 9999.00000 9999.00000 20.00000 0.18050
2229.62100 3889.00390 2117.64070 9999.00000 9999.00000 20.00000 0.18067
2229.39800 3748.02136 2117.71029 9999.00000 9999.00000 20.00000 0.18085
2226.89300 3600.53996 2112.93187 9999.00000 9999.00000 20.00000 0.18102
2223.79900 3558.15788 2112.68918 9999.00000 9999.00000 20.00000 0.18119
2236.60500 3621.32294 2131.29296 9999.00000 9999.00000 20.00000 0.18137
2264.52700 3530.08774 2155.33930 9999.00000 9999.00000 20.00000 0.18154
2272.47000 3577.41680 2142.62914 9999.00000 9999.00000 20.00000 0.18172
2281.63500 3753.19236 2134.89054 9999.00000 9999.00000 20.00000 0.18189
2298.43000 3802.11777 2155.58212 9999.00000 9999.00000 20.00000 0.18206
2291.54400 3766.10339 2152.06985 9999.00000 9999.00000 20.00000 0.18224
2276.85200 3742.67592 2173.15369 9999.00000 9999.00000 20.00000 0.18241
2272.08600 3721.54978 2197.74831 9999.00000 9999.00000 20.00000 0.18258
2266.83000 3750.01187 2224.20989 9999.00000 9999.00000 20.00000 0.18276
2257.04300 3597.06412 2218.22382 9999.00000 9999.00000 20.00000 0.18293
2257.24900 3619.92841 2182.48959 9999.00000 9999.00000 20.00000 0.18310
2268.79400 3620.23153 2217.95733 9999.00000 9999.00000 20.00000 0.18328
2280.46300 3588.88117 2261.31912 9999.00000 9999.00000 20.00000 0.18345
2266.33900 3771.30307 2265.76416 9999.00000 9999.00000 20.00000 0.18362
2258.57500 3686.67730 2244.93601 9999.00000 9999.00000 20.00000 0.18380
2268.41000 3700.69100 2228.71448 9999.00000 9999.00000 20.00000 0.18397
2254.76500 3733.29172 2197.55199 9999.00000 9999.00000 20.00000 0.18414
2250.96000 3640.10846 2194.08584 9999.00000 9999.00000 20.00000 0.18431
2264.38100 3639.67935 2189.77523 9999.00000 9999.00000 20.00000 0.18449
2267.43100 3586.35024 2176.03899 9999.00000 9999.00000 20.00000 0.18466
2266.14000 3592.22173 2182.60786 9999.00000 9999.00000 20.00000 0.18483
2274.09000 3544.96819 2166.23597 9999.00000 9999.00000 20.00000 0.18500
2275.29100 3641.67260 2175.19447 9999.00000 9999.00000 20.00000 0.18517
2264.29700 3764.40643 2174.40886 9999.00000 9999.00000 20.00000 0.18535
2266.06800 3666.63180 2198.59397 9999.00000 9999.00000 20.00000 0.18552
2270.48300 3639.46449 2255.23936 9999.00000 9999.00000 20.00000 0.18569
2271.08900 3719.89482 2215.81097 9999.00000 9999.00000 20.00000 0.18586
2256.31900 3710.69814 2212.02784 9999.00000 9999.00000 20.00000 0.18603
2265.17100 3744.70921 2216.27119 9999.00000 9999.00000 20.00000 0.18620
2257.87200 3664.54929 2204.08767 9999.00000 9999.00000 20.00000 0.18637
2258.23000 3637.96386 2205.55268 9999.00000 9999.00000 20.00000 0.18655
2264.98300 3623.08388 2203.82991 9999.00000 9999.00000 20.00000 0.18672
2258.43400 3570.44254 2197.26483 9999.00000 9999.00000 20.00000 0.18689
2249.50800 3625.63666 2146.11938 9999.00000 9999.00000 20.00000 0.18706
2245.12100 3698.79082 2151.62202 9999.00000 9999.00000 20.00000 0.18723
2242.29000 3719.22300 2135.44833 9999.00000 9999.00000 20.00000 0.18740
2252.34800 3581.47688 2134.63593 9999.00000 9999.00000 20.00000 0.18757
2247.94400 3624.54200 2137.53141 9999.00000 9999.00000 20.00000 0.18774
2249.08400 3625.90980 2142.02579 9999.00000 9999.00000 20.00000 0.18791
2261.50400 3588.07728 2153.87286 9999.00000 9999.00000 20.00000 0.18808
2271.29000 3488.38074 2133.84605 9999.00000 9999.00000 20.00000 0.18825
2271.28400 3596.40614 2129.63334 9999.00000 9999.00000 20.00000 0.18842
2265.01300 3535.45776 2104.06559 9999.00000 9999.00000 20.00000 0.18854
2267.17200 3568.73306 2118.40334 9999.00000 9999.00000 20.00000 0.18863
2245.50200 3488.29606 2139.50488 9999.00000 9999.00000 20.00000 0.18872
2237.34600 3514.24572 2165.67843 9999.00000 9999.00000 20.00000 0.18881
2265.30000 3705.13209 2158.28052 9999.00000 9999.00000 20.00000 0.18891
2272.07100 3702.49770 2149.82045 9999.00000 9999.00000 20.00000 0.18900
2263.25300 3600.29984 2155.20769 9999.00000 9999.00000 20.00000 0.18909
2255.24100 3445.91701 2148.65360 9999.00000 9999.00000 20.00000 0.18918
2239.14900 3514.15979 2139.51542 9999.00000 9999.00000 20.00000 0.18927
2235.62300 3659.63892 2158.84033 9999.00000 9999.00000 20.00000 0.18937
2237.65300 3663.02791 2160.04257 9999.00000 9999.00000 20.00000 0.18946
2229.75200 3520.02594 2155.86408 9999.00000 9999.00000 20.00000 0.18955
2228.10300 3566.67172 2122.99897 9999.00000 9999.00000 20.00000 0.18964
2213.44000 3523.41225 2100.61480 9999.00000 9999.00000 20.00000 0.18973
2204.30500 3481.86187 2084.07746 9999.00000 9999.00000 20.00000 0.18983
2200.20400 3517.06099 2079.08326 9999.00000 9999.00000 20.00000 0.18992
2218.76300 3460.91561 2062.14379 9999.00000 9999.00000 20.00000 0.19001
2236.10100 3447.55193 2027.88659 9999.00000 9999.00000 20.00000 0.19010
2273.61600 3460.87423 2045.93442 9999.00000 9999.00000 20.00000 0.19019
2305.14500 3579.74139 2096.34996 9999.00000 9999.00000 20.00000 0.19028
2258.26500 3674.95516 2114.63718 9999.00000 9999.00000 20.00000 0.19038
2219.79800 3558.29413 2102.02639 9999.00000 9999.00000 20.00000 0.19047
2204.88600 3526.64815 2085.91683 9999.00000 9999.00000 20.00000 0.19056
2193.89400 3570.39855 2082.94915 9999.00000 9999.00000 20.00000 0.19065
2203.21800 3599.90991 2061.26921 9999.00000 9999.00000 20.00000 0.19074
2216.58600 3535.77568 2062.65014 9999.00000 9999.00000 20.00000 0.19083
2212.31100 3566.73094 2097.12687 9999.00000 9999.00000 20.00000 0.19092
2241.59400 3706.21207 2100.37271 9999.00000 9999.00000 20.00000 0.19102
2292.72500 3782.85432 2087.43788 9999.00000 9999.00000 20.00000 0.19111
2307.41300 3757.27697 2097.27526 9999.00000 9999.00000 20.00000 0.19120
2290.87400 3568.13895 2154.25938 9999.00000 9999.00000 20.00000 0.19129
2260.08300 3486.93391 2185.33758 9999.00000 9999.00000 20.00000 0.19138
2254.91700 3801.01664 2161.50619 9999.00000 9999.00000 20.00000 0.19147
2257.41500 3997.69928 2151.05019 9999.00000 9999.00000 20.00000 0.19156
2248.04900 3671.39632 2177.07584 9999.00000 9999.00000 20.00000 0.19166
2240.78300 3670.33653 2188.72480 9999.00000 9999.00000 20.00000 0.19175
2284.61800 3584.95224 2161.43135 9999.00000 9999.00000 20.00000 0.19184
2323.45000 3630.81315 2257.37148 9999.00000 9999.00000 20.00000 0.19193
2317.35200 3589.50736 2295.30907 9999.00000 9999.00000 20.00000 0.19202
2300.76400 3734.41120 2271.12130 9999.00000 9999.00000 20.00000 0.19211
2265.92400 3746.16923 2286.25996 9999.00000 9999.00000 20.00000 0.19220
2235.79500 3711.34686 2215.86555 9999.00000 9999.00000 20.00000 0.19229
2221.24900 3668.15618 2082.95827 9999.00000 9999.00000 20.00000 0.19238
2248.69500 3820.97532 2133.05583 9999.00000 9999.00000 20.00000 0.19247
2264.90700 3945.12264 2086.94500 9999.00000 9999.00000 20.00000 0.19257
2253.51400 4033.39764 2074.74240 9999.00000 9999.00000 20.00000 0.19266
2247.78000 4035.41925 2188.03673 9999.00000 9999.00000 20.00000 0.19275
2238.97400 3717.60193 2171.20169 9999.00000 9999.00000 20.00000 0.19284
2243.82100 3680.43218 2184.34155 9999.00000 9999.00000 20.00000 0.19293
2270.44900 3679.59898 2172.90973 9999.00000 9999.00000 20.00000 0.19302
2278.40100 3772.02736 2178.24764 9999.00000 9999.00000 20.00000 0.19311
2263.90500 3622.71919 2186.04403 9999.00000 9999.00000 20.00000 0.19320
2283.51300 3689.47793 2208.76500 9999.00000 9999.00000 20.00000 0.19329
2328.43800 3749.31225 2278.56361 9999.00000 9999.00000 20.00000 0.19338
2393.79600 3719.55196 2262.29384 9999.00000 9999.00000 20.00000 0.19347
2406.75200 3728.38063 2242.35549 9999.00000 9999.00000 20.00000 0.19356
2351.95000 4007.43157 2192.45264 9999.00000 9999.00000 20.00000 0.19365
2314.54800 4181.11151 2172.86719 9999.00000 9999.00000 20.00000 0.19374
2305.15400 4122.99706 2144.53376 9999.00000 9999.00000 20.00000 0.19384
2281.14400 3880.00041 2098.12997 9999.00000 9999.00000 20.00000 0.19393
2255.29300 3877.56393 2074.30376 9999.00000 9999.00000 20.00000 0.19402
2233.51300 3787.39510 1990.18792 9999.00000 9999.00000 20.00000 0.19411
2218.72000 3662.37581 1918.05585 9999.00000 9999.00000 20.00000 0.19420
2221.73200 3414.87801 1920.41135 9999.00000 9999.00000 20.00000 0.19429
2223.04600 3321.07952 1947.40992 9999.00000 9999.00000 20.00000 0.19438
2230.29000 3484.66866 1923.12102 9999.00000 9999.00000 20.00000 0.19447
2238.84200 3444.73568 1895.54882 9999.00000 9999.00000 20.00000 0.19456
2235.98800 3473.91441 1920.05140 9999.00000 9999.00000 20.00000 0.19465
2234.79200 3464.94799 1918.85328 9999.00000 9999.00000 20.00000 0.19474
2225.74400 3460.59301 1947.36626 9999.00000 9999.00000 20.00000 0.19483
2222.77800 3298.17790 1941.37130 9999.00000 9999.00000 20.00000 0.19492
2224.76100 3347.09818 1930.25512 9999.00000 9999.00000 20.00000 0.19501
2221.38800 3497.49713 1922.44659 9999.00000 9999.00000 20.00000 0.19510
2218.39100 3661.89107 1937.47279 9999.00000 9999.00000 20.00000 0.19519
2238.12600 3530.12891 1983.48084 9999.00000 9999.00000 20.00000 0.19528
2282.35300 3820.30227 2097.43381 9999.00000 9999.00000 20.00000 0.19537
2334.68200 4247.86158 2200.69400 9999.00000 9999.00000 20.00000 0.19546
2332.82900 3997.44804 2228.08702 9999.00000 9999.00000 20.00000 0.19555
2298.09200 3766.20139 2139.23313 9999.00000 9999.00000 20.00000 0.19564
2285.02200 3627.17328 2107.33342 9999.00000 9999.00000 20.00000 0.19573
2277.26300 3599.92484 2130.03755 9999.00000 9999.00000 20.00000 0.19582
2302.12900 3583.75854 2129.88720 9999.00000 9999.00000 20.00000 0.19591
2326.85000 3663.46254 2126.22768 9999.00000 9999.00000 20.00000 0.19600
2290.94400 3835.06736 2119.24389 9999.00000 9999.00000 20.00000 0.19609
2275.05100 3860.28118 2140.81965 9999.00000 9999.00000 20.00000 0.19618
2270.24800 4066.03646 2166.39902 9999.00000 9999.00000 20.00000 0.19627
2272.24200 4173.46184 2231.22929 9999.00000 9999.00000 20.00000 0.19636
2302.59800 4336.68668 2261.75029 9999.00000 9999.00000 20.00000 0.19645
2350.81700 4278.01731 2229.19500 9999.00000 9999.00000 20.00000 0.19654
2400.40500 4478.31144 2221.69802 9999.00000 9999.00000 20.00000 0.19663
2394.56300 4345.12848 2232.16825 9999.00000 9999.00000 20.00000 0.19672
2352.56600 3906.40404 2171.36076 9999.00000 9999.00000 20.00000 0.19681
2337.11300 3666.72536 2109.46266 9999.00000 9999.00000 20.00000 0.19690
2276.24800 3757.65230 2111.62835 9999.00000 9999.00000 20.00000 0.19699
2259.72300 3814.61992 2114.44111 9999.00000 9999.00000 20.00000 0.19707
2253.60400 3697.76311 2050.11378 9999.00000 9999.00000 20.00000 0.19716
2257.43100 3727.35099 2030.20648 9999.00000 9999.00000 20.00000 0.19725
2268.37000 3778.11432 2010.94723 9999.00000 9999.00000 20.00000 0.19734
2279.81600 3758.80128 2034.11254 9999.00000 9999.00000 20.00000 0.19743
2270.42500 3755.08248 2033.91993 9999.00000 9999.00000 20.00000 0.19752
2245.42700 3853.48669 2003.67680 9999.00000 9999.00000 20.00000 0.19761
2250.40100 3956.24825 2004.75986 9999.00000 9999.00000 20.00000 0.19770
2250.99200 4014.86423 1988.90228 9999.00000 9999.00000 20.00000 0.19779
2262.89700 4018.65395 1992.31500 9999.00000 9999.00000 20.00000 0.19788
2264.97000 3990.54120 2021.91022 9999.00000 9999.00000 20.00000 0.19797
2240.91500 3950.52876 2068.51837 9999.00000 9999.00000 20.00000 0.19806
2290.77100 3837.18240 2366.50433 9999.00000 9999.00000 20.00000 0.19815
2405.73300 3889.97253 2606.93973 9999.00000 9999.00000 20.00000 0.19823
2516.03200 4217.13951 2815.86723 9999.00000 9999.00000 20.00000 0.19832
2608.98000 4610.21745 3058.62904 9999.00000 9999.00000 20.00000 0.19841
2631.98200 4920.75933 3234.51367 9999.00000 9999.00000 20.00000 0.19850
2628.39100 5131.95344 3338.74745 9999.00000 9999.00000 20.00000 0.19859
2647.05200 5199.04389 3301.75140 9999.00000 9999.00000 20.00000 0.19868
2652.65700 5269.50077 3353.82206 9999.00000 9999.00000 20.00000 0.19877
2634.81900 5346.89378 3453.35765 9999.00000 9999.00000 20.00000 0.19886
2632.56700 5419.16696 3414.27623 9999.00000 9999.00000 20.00000 0.19895
2626.54900 5251.64826 3437.90184 9999.00000 9999.00000 20.00000 0.19904
2637.53700 5133.02890 3396.72543 9999.00000 9999.00000 20.00000 0.19912
2647.08300 5251.33349 3355.10020 9999.00000 9999.00000 20.00000 0.19921
2662.00200 5176.78016 3339.76504 9999.00000 9999.00000 20.00000 0.19930
2648.59800 5226.32716 3386.59188 9999.00000 9999.00000 20.00000 0.19939
2626.03100 5400.78486 3424.60279 9999.00000 9999.00000 20.00000 0.19948
2627.31000 5229.18999 3541.66156 9999.00000 9999.00000 20.00000 0.19957
2650.61100 5125.61292 3608.06052 9999.00000 9999.00000 20.00000 0.19966
2674.76300 5125.71032 3517.81416 9999.00000 9999.00000 20.00000 0.19974
2685.11900 5172.82352 3420.11086 9999.00000 9999.00000 20.00000 0.19983
2655.85300 5239.61774 3495.38636 9999.00000 9999.00000 20.00000 0.19992
2618.09500 5294.33425 3485.54911 9999.00000 9999.00000 20.00000 0.20001
2609.13700 5522.06077 3421.43768 9999.00000 9999.00000 20.00000 0.20010
2641.80600 5412.54465 3493.74610 9999.00000 9999.00000 20.00000 0.20019
2672.48800 5365.82391 3544.92036 9999.00000 9999.00000 20.00000 0.20028
2679.52900 5575.70037 3541.40224 9999.00000 9999.00000 20.00000 0.20036
2595.14200 5446.61944 3303.06113 9999.00000 9999.00000 20.00000 0.20045
2434.76400 5017.16220 2761.93398 9999.00000 9999.00000 20.00000 0.20054
2335.43600 4678.57393 2702.05847 9999.00000 9999.00000 20.00000 0.20063
2301.62600 4473.87820 2624.95632 9999.00000 9999.00000 20.00000 0.20072
2319.08200 4220.81253 2525.91186 9999.00000 9999.00000 20.00000 0.20081
2336.45700 4058.49491 2328.11583 9999.00000 9999.00000 20.00000 0.20084
2349.51000 4044.83580 2154.93519 9999.00000 9999.00000 20.00000 0.20080
2347.64900 4082.23895 2201.20859 9999.00000 9999.00000 20.00000 0.20077
2346.31300 4118.61147 2244.72107 9999.00000 9999.00000 20.00000 0.20074
2329.85400 4108.15916 2271.90086 9999.00000 9999.00000 20.00000 0.20071
2338.40900 3975.31732 2325.34661 9999.00000 9999.00000 20.00000 0.20068
2372.99600 3868.40951 2360.26657 9999.00000 9999.00000 20.00000 0.20065
2429.04100 3770.90798 2264.24528 9999.00000 9999.00000 20.00000 0.20062
2452.80600 3657.66679 2173.27332 9999.00000 9999.00000 20.00000 0.20058
2455.40300 3671.90716 2115.22699 9999.00000 9999.00000 20.00000 0.20055
2427.04800 3631.30159 2130.46055 9999.00000 9999.00000 20.00000 0.20052
2361.49500 3559.90739 2154.51124 9999.00000 9999.00000 20.00000 0.20049
2333.76300 3693.05899 2178.37640 9999.00000 9999.00000 20.00000 0.20046
2353.15900 3604.81276 2191.33712 9999.00000 9999.00000 20.00000 0.20043
2310.52400 3565.64161 2241.88135 9999.00000 9999.00000 20.00000 0.20040
2282.02900 3631.59735 2223.83748 9999.00000 9999.00000 20.00000 0.20036
2290.20200 3864.21886 2196.16421 9999.00000 9999.00000 20.00000 0.20033
2282.09800 3857.42540 2191.58331 9999.00000 9999.00000 20.00000 0.20030
2261.74700 3663.54924 2201.62926 9999.00000 9999.00000 20.00000 0.20027
2273.59500 3613.17448 2227.34917 9999.00000 9999.00000 20.00000 0.20024
2293.05400 3758.35504 2190.96650 9999.00000 9999.00000 20.00000 0.20021
2285.39700 3673.50486 2129.80863 9999.00000 9999.00000 20.00000 0.20018
2251.83400 3701.44047 2127.70612 9999.00000 9999.00000 20.00000 0.20014
2219.95700 3830.47993 2162.14350 9999.00000 9999.00000 20.00000 0.20011
2204.35200 3806.90882 2134.89510 9999.00000 9999.00000 20.00000 0.20008
2209.43200 3816.18452 2155.73751 9999.00000 9999.00000 20.00000 0.20005
2225.12100 3772.02736 2177.28372 9999.00000 9999.00000 20.00000 0.20002
2259.75400 3737.23032 2186.61833 9999.00000 9999.00000 20.00000 0.19999
2280.45000 3708.40624 2172.77974 9999.00000 9999.00000 20.00000 0.19996
2243.87000 3686.33166 2147.07254 9999.00000 9999.00000 20.00000 0.19992
2224.69600 3528.38734 2108.40551 9999.00000 9999.00000 20.00000 0.19989
2199.72300 3441.58188 2107.18936 9999.00000 9999.00000 20.00000 0.19986
2206.06400 3571.85926 2115.31614 9999.00000 9999.00000 20.00000 0.19983
2219.47500 3876.45253 2162.36960 9999.00000 9999.00000 20.00000 0.19980
2229.59900 4015.45016 2207.60601 9999.00000 9999.00000 20.00000 0.19977
2287.41600 4022.40062 2260.47876 9999.00000 9999.00000 20.00000 0.19974
2379.35200 3935.92681 2262.79048 9999.00000 9999.00000 20.00000 0.19970
2341.49800 3897.87964 2199.11872 9999.00000 9999.00000 20.00000 0.19967
2296.43900 3660.04998 2146.55341 9999.00000 9999.00000 20.00000 0.19964
2276.18900 3497.61107 2087.68790 9999.00000 9999.00000 20.00000 0.19961
2272.30800 3508.99657 2062.00713 9999.00000 9999.00000 20.00000 0.19958
2255.40600 3342.11582 2027.68815 9999.00000 9999.00000 20.00000 0.19955
2252.59800 3194.55591 2022.24018 9999.00000 9999.00000 20.00000 0.19951
2257.18800 3314.79524 2052.01676 9999.00000 9999.00000 20.00000 0.19948
2324.37300 3653.12156 2139.49618 9999.00000 9999.00000 20.00000 0.19945
2379.38300 4006.03556 2231.63809 9999.00000 9999.00000 20.00000 0.19942
2383.93400 4064.22884 2334.04278 9999.00000 9999.00000 20.00000 0.19939
2412.15800 4144.50261 2394.69288 9999.00000 9999.00000 20.00000 0.19936
2423.16900 4180.41678 2401.88997 9999.00000 9999.00000 20.00000 0.19933
2404.59600 4119.69786 2398.84115 9999.00000 9999.00000 20.00000 0.19929
2390.17500 4038.59785 2358.37169 9999.00000 9999.00000 20.00000 0.19926
2383.91300 4010.75625 2359.04792 9999.00000 9999.00000 20.00000 0.19923
2379.87300 4065.14690 2393.43356 9999.00000 9999.00000 20.00000 0.19920
2385.40500 4127.05262 2391.60762 9999.00000 9999.00000 20.00000 0.19917
2376.41100 4220.78664 2311.44895 9999.00000 9999.00000 20.00000 0.19914
2361.85700 4176.21555 2223.95137 9999.00000 9999.00000 20.00000 0.19910
2348.15300 4236.58926 2208.85440 9999.00000 9999.00000 20.00000 0.19907
2336.03300 3991.31301 2205.05359 9999.00000 9999.00000 20.00000 0.19904
2317.85800 3940.44787 2180.70074 9999.00000 9999.00000 20.00000 0.19901
2293.13500 3839.47171 2192.65720 9999.00000 9999.00000 20.00000 0.19898
2297.89200 3844.59419 2187.97394 9999.00000 9999.00000 20.00000 0.19895
2295.55400 3701.03997 2166.67723 9999.00000 9999.00000 20.00000 0.19891
2299.54700 3646.89566 2123.09284 9999.00000 9999.00000 20.00000 0.19888
2304.83200 3629.07571 2112.74550 9999.00000 9999.00000 20.00000 0.19885
2294.58400 3638.30045 2099.47690 9999.00000 9999.00000 20.00000 0.19882
2281.89900 3620.26171 2061.30622 9999.00000 9999.00000 20.00000 0.19879
2287.95600 3633.34647 2070.22309 9999.00000 9999.00000 20.00000 0.19876
2285.59000 3576.97221 2087.19795 9999.00000 9999.00000 20.00000 0.19872
2268.58000 3629.41130 2104.19414 9999.00000 9999.00000 20.00000 0.19869
2258.84600 3599.88070 2071.43773 9999.00000 9999.00000 20.00000 0.19866
2259.68500 3557.77699 2053.46384 9999.00000 9999.00000 20.00000 0.19863
2249.46700 3467.47773 2030.36660 9999.00000 9999.00000 20.00000 0.19860
2245.24500 3446.19168 2008.38274 9999.00000 9999.00000 20.00000 0.19857
2238.29800 3362.05380 2002.35601 9999.00000 9999.00000 20.00000 0.19853
2223.56900 3403.61618 2011.30198 9999.00000 9999.00000 20.00000 0.19850
2226.23700 3365.71889 1949.57817 9999.00000 9999.00000 20.00000 0.19847
2219.65700 3398.05092 1945.39465 9999.00000 9999.00000 20.00000 0.19844
2239.09600 3434.17239 1984.80246 9999.00000 9999.00000 20.00000 0.19841
2232.88200 3395.83502 1999.42983 9999.00000 9999.00000 20.00000 0.19838
2221.26100 3401.44628 1980.87390 9999.00000 9999.00000 20.00000 0.19834
2216.55700 3399.27971 1984.18459 9999.00000 9999.00000 20.00000 0.19831
2210.67500 3382.83935 1961.71014 9999.00000 9999.00000 20.00000 0.19828
2202.87900 3356.59701 1966.31757 9999.00000 9999.00000 20.00000 0.19825
2204.90300 3379.48049 2005.83685 9999.00000 9999.00000 20.00000 0.19822
2213.49900 3430.98305 2003.50557 9999.00000 9999.00000 20.00000 0.19819
2211.20400 3399.57418 2015.99014 9999.00000 9999.00000 20.00000 0.19815
2211.94100 3377.31553 2024.07123 9999.00000 9999.00000 20.00000 0.19812
2203.02800 3368.76126 1984.38249 9999.00000 9999.00000 20.00000 0.19809
2209.67900 3345.94381 1974.95583 9999.00000 9999.00000 20.00000 0.19806
2225.49200 3371.83364 1939.15123 9999.00000 9999.00000 20.00000 0.19803
2226.66300 3356.85763 1956.49819 9999.00000 9999.00000 20.00000 0.19800
2218.57600 3369.04991 1956.54764 9999.00000 9999.00000 20.00000 0.19796
2217.15500 3369.68018 1927.08388 9999.00000 9999.00000 20.00000 0.19793
2216.11200 3368.41987 1928.73505 9999.00000 9999.00000 20.00000 0.19790
2230.28900 3312.61071 1951.59183 9999.00000 9999.00000 20.00000 0.19787
2246.95300 3349.31494 1985.15949 9999.00000 9999.00000 20.00000 0.19784
2271.44400 3345.40081 1997.97914 9999.00000 9999.00000 20.00000 0.19781
2273.63100 3395.56832 2008.04316 9999.00000 9999.00000 20.00000 0.19777
2282.77300 3488.38074 2056.87189 9999.00000 9999.00000 20.00000 0.19774
2298.39300 3566.05410 2122.21495 9999.00000 9999.00000 20.00000 0.19771
2306.08500 3574.63524 2108.63029 9999.00000 9999.00000 20.00000 0.19768
2299.90100 3610.97140 2033.83751 9999.00000 9999.00000 20.00000 0.19765
2284.15400 3560.76214 2029.29693 9999.00000 9999.00000 20.00000 0.19762
2262.28700 3568.02614 1960.77854 9999.00000 9999.00000 20.00000 0.19758
2280.18600 3426.87586 1927.75263 9999.00000 9999.00000 20.00000 0.19755
2306.56300 3393.99502 1926.59245 9999.00000 9999.00000 20.00000 0.19752
2279.51500 3428.77816 1945.82709 9999.00000 9999.00000 20.00000 0.19749
2277.90700 3460.09430 1930.02125 9999.00000 9999.00000 20.00000 0.19746
2273.53300 3487.70528 1997.62310 9999.00000 9999.00000 20.00000 0.19742
2262.67700 3511.39110 1981.41541 9999.00000 9999.00000 20.00000 0.19739
2269.64600 3451.39219 1985.96077 9999.00000 9999.00000 20.00000 0.19736
2269.12800 3456.22149 1988.45682 9999.00000 9999.00000 20.00000 0.19733
2271.74200 3476.26184 2003.88382 9999.00000 9999.00000 20.00000 0.19730
2255.89700 3482.75973 2049.22919 9999.00000 9999.00000 20.00000 0.19727
2257.67000 3460.06672 2046.96759 9999.00000 9999.00000 20.00000 0.19723
2275.30500 3462.31150 1992.90614 9999.00000 9999.00000 20.00000 0.19720
2274.90700 3450.73099 1958.90301 9999.00000 9999.00000 20.00000 0.19717
2277.32400 3438.32374 1956.37633 9999.00000 9999.00000 20.00000 0.19714
2281.68800 3522.75109 1986.18549 9999.00000 9999.00000 20.00000 0.19711
2280.24000 3499.81957 1974.75239 9999.00000 9999.00000 20.00000 0.19707
2271.85700 3502.82554 1981.30850 9999.00000 9999.00000 20.00000 0.19704
2264.68300 3548.66365 2010.71527 9999.00000 9999.00000 20.00000 0.00000
